 20.8316    5.1976    2.5721   12.2258
    5.4768   17.8179   24.1727   11.0589
    3.0851   14.8216   21.2970    7.7893
    5.1452   14.6247   20.9534    8.0033
    9.3799    8.9979   15.0339    4.4343
   26.2616   10.4667    4.1813   17.6373
    7.0671    9.8551   16.2138    3.5607
   24.1287    8.3632    2.3060   15.5189
   17.8971    2.7798    5.1166    9.3445
    4.5140   17.2968   23.6602   10.4628
    7.7806    9.4884   15.7112    3.9747
    3.6556   13.3786   19.8201    6.4877
    4.5849   15.3233   21.6390    8.7417
    5.2007   13.3078   19.5736    6.9557
    7.4320    9.1728   15.5392    3.0680
   19.6609    5.1494    4.7329   11.3771
    4.9169   19.8380   26.3000   12.7709
    6.0542   10.8178   17.2424    4.1704
    8.4217    9.8551   15.9966    4.5963
    6.7204   10.9633   17.1973    4.9018
   19.4273    4.6323    4.4872   11.0294
   21.4966    6.2498    3.1609   13.0435
    4.7256   17.3022   23.6311   10.5934
    7.2447   10.4321   16.6663    4.6594
    3.8077   19.3125   25.8337   12.1278
    5.7995   12.3758   18.7187    5.8897
    8.0883    9.4928   15.6986    4.1585
   16.6168    3.5426    7.1250    8.4074
   21.4164    6.0134    2.8811   12.9033
    4.1747   15.2815   21.6798    8.4737
   14.1123    2.9018    8.7691    5.7401
   14.2248    3.0433    8.6954    5.8964
   19.4880    4.6607    4.4477   11.1185
   12.4759    5.1657   10.8410    4.9256
   21.1510    5.5317    2.2118   12.5901
    5.5126   14.7667   21.0352    8.2964
    4.9163   15.4398   21.7393    8.8274
   19.8184    4.5371    3.8042   11.2508
    3.9946   13.2826   19.6850    6.4865
   17.2782    3.0200    5.9813    8.9099
   17.2850    4.1947    6.8102    9.1655
    5.7767   18.3804   24.6239   11.8280
    4.7528   19.1738   25.5694   12.2564
    5.9694   11.3226   17.6806    4.9007
   17.3516    3.2105    5.9284    9.0261
   20.3469    5.3510    3.8519   11.9535
   13.1555    3.5303    9.6320    4.8101
    5.3287   16.3900   22.6234    9.9397
   19.2272    4.0412    4.2657   10.7054
   19.4761    4.6048    4.5678   11.0508
   14.7417    4.0963    8.9832    6.8112
    5.0758   20.6038   27.1372   13.3865
    5.7503   12.3359   18.6949    5.7912
   11.5993    5.6831   11.6736    4.1100
    8.7927    7.5814   14.0127    1.9029
   24.9947    9.3369    3.4724   16.4162
    2.6522   14.4152   20.9330    7.2974
    8.3354    9.4451   15.6374    4.0455
   24.2898    8.6287    2.9060   15.7299
    4.9326   20.4490   26.9529   13.2687
    5.8073   15.0145   21.2887    8.5459
   25.0549    9.2466    2.9652   16.4381
    4.6255   18.3263   24.6779   11.5256
   23.2008    7.6339    2.4217   14.6668
   18.2379    3.3304    5.0157    9.7877
   21.2848    5.9307    2.8658   12.7971
    3.7686   16.1120   22.5414    9.1482
   15.1029    2.9820    7.9867    6.8322
   21.9723    6.2274    1.9044   13.3374
   20.2166    4.7086    3.1478   11.6430
    2.7677   18.1711   24.6542   11.0471
    4.6899   19.8872   26.3990   12.7317
   16.4398    3.3826    7.0285    8.2589
   16.3280    2.8580    6.8433    8.0381
   24.2534    8.4928    2.4646   15.6540
   24.0651    8.2253    2.0130   15.4263
   16.5931    3.3451    6.9998    8.3408
    2.5417   16.1728   22.6365    9.1558
   12.2610    4.6300   10.6368    4.3267
    8.0883    9.4928   15.6986    4.1585
   21.4063    6.1078    3.3436   12.9037
    4.9176   20.4634   26.9975   13.2601
   21.2555    5.8646    3.0633   12.7394
   17.5830    3.7638    6.3003    9.2930
   15.1324    2.5139    7.8766    6.7040
   12.2388    4.6545   10.7676    4.1841
   20.1928    4.7423    3.2861   11.6340
   10.1261    6.4926   12.8354    2.5823
   17.8082    3.1624    5.6458    9.3020
   21.0113    5.8254    3.4954   12.5319
   20.4982    5.4858    3.7131   12.1143
    2.3103   17.4998   24.0250   10.3247
   19.0299    4.2149    4.6374   10.5981
    8.2228    9.5843   15.6672    4.5221
    3.9703   18.3025   24.7048   11.3721
    6.5433   14.3023   20.4863    8.1494
    5.6468   12.3011   18.5673    6.0485
   16.9324    3.6239    6.9268    8.5839
   27.9455   12.3438    6.3274   19.3783
   17.8855    3.9953    6.1327    9.5433
   18.0884    4.3518    6.1215    9.8463
   26.2573   10.5133    4.2501   17.6768
   17.9588    2.9497    5.1133    9.4346
   18.7863    3.5779    4.5550   10.1881
   21.9776    6.2481    1.7566   13.3655
    5.4650   11.2154   17.6067    4.5244
   23.4388    8.0102    3.1714   14.9353
    1.9908   15.2199   21.7172    8.1200
   16.2356    2.8723    6.9168    7.9311
   19.0184    4.0537    4.4632   10.5481
    4.5510   16.2626   22.5665    9.6251
   12.8972    5.4278   11.0462    5.2228
   24.1182    8.4117    2.8917   15.5027
   13.8897    3.3109    9.0781    5.5856
   24.2696    8.5725    2.8004   15.6896
    8.9043    8.5204   14.6912    3.7418
   11.1159    5.4766   11.7670    3.1018
    4.3264   15.2533   21.5652    8.6447
    4.5418   20.2479   26.7575   13.0524
   19.0123    3.5154    3.8476   10.4471
    8.2385    9.7037   15.7872    4.6794
    8.7729    7.5797   14.0062    1.8878
   19.0065    3.3762    3.7545   10.3946
   25.1251    9.3885    3.2386   16.5295
    3.8305   15.4136   21.7494    8.6811
   14.1864    3.1418    8.7713    5.9131
    4.4441   16.2724   22.5862    9.6142
    9.4815    7.4623   13.6360    3.1781
    4.3576   14.3610   20.6643    7.7963
   20.3817    5.0939    3.4220   11.8987
    4.7623   19.2355   25.6219   12.2866
   15.6853    3.6972    8.0122    7.5939
    5.6244   20.0888   26.4913   13.1056
   17.4253    3.3988    6.0076    9.1022
   19.2185    3.9503    4.0945   10.6867
   18.8536    3.3744    4.2116   10.2404
   21.0114    5.3087    2.2964   12.3769
   23.9447    8.1504    2.1017   15.3112
   15.3315    3.1862    7.9440    7.0741
   25.1015    9.3617    3.5206   16.4767
   12.2251    4.5758   10.7010    4.1359
   15.6988    3.5986    7.9158    7.5788
    5.0484   18.2599   24.5910   11.5143
   10.3790    6.4172   12.6413    3.0193
   15.1179    2.3604    7.7643    6.7095
   12.0288    4.6035   10.8591    3.7985
    1.9165   16.1869   22.6782    9.0601
    5.1565   12.2713   18.6461    5.6868
   13.4717    4.0861    9.7577    5.4559
    2.5493   14.4013   20.9176    7.2673
    2.7396   15.1690   21.6284    8.1676
   23.8643    8.4910    3.7926   15.3449
    3.5672   15.2257   21.6187    8.4185
   21.9773    6.2573    2.1226   13.3361
    3.6802   18.3418   24.7610   11.3459
    4.3599   18.8841   25.3217   11.8599
   10.3314    6.3981   12.6789    2.9220
   12.9184    3.9247    9.9655    4.6655
    2.7384   16.4935   22.9387    9.4864
   23.1095    7.6432    2.8093   14.5899
   22.1433    7.2307    4.1488   13.7720
   15.6754    3.6966    8.0456    7.5854
    5.4603   15.4829   21.6543    9.2162
    6.3977   11.3074   17.5533    5.2407
   10.8661    5.4542   11.8603    2.5863
    8.7788    8.3799   14.5929    3.4696
    4.5460   20.2750   26.7999   13.0801
   19.2272    4.0412    4.2657   10.7054
   23.3151    7.6801    2.5657   14.7361
   25.2487    9.4942    3.4907   16.6443
    3.1616   18.2300   24.7272   11.1044
    6.0993   20.9784   27.4137   13.9247
   23.1005    7.3812    2.0832   14.5044
   22.9529    7.1860    1.8649   14.3170
   20.0653    4.6373    3.2147   11.5186
   13.8014    4.5986    9.8442    6.1089
   17.5583    3.6109    6.1332    9.2478
   14.8481    2.7832    8.2718    6.4442
    3.4457   16.1882   22.5876    9.3478
    7.1031   21.5560   27.9883   14.5603
   11.3104    5.5839   11.7709    3.5775
   20.1931    4.7302    3.0624   11.6678
    7.7889   16.2006   22.2473   10.2557
    5.1596   19.3754   25.7404   12.4926
    9.8663    6.7120   13.0658    2.3775
   12.4939    4.8335   10.6782    4.7540
   25.2997    9.5871    3.4348   16.7281
    9.2396    7.7469   13.9451    3.0892
   25.9492   10.1410    3.8361   17.3093
   17.9644    3.0433    5.1231    9.4503
   15.2458    4.2450    8.6432    7.3198
   14.0125    2.8593    8.7820    5.5926
    7.4549   17.7539   23.8496   11.5218
   20.9690    5.2098    1.9951   12.3403
   27.3222   11.5918    5.3095   18.7352
    2.9097   16.6589   23.1018    9.6421
   20.0571    5.0686    4.0518   11.6098
    8.8308    7.9213   14.3135    2.4069
   15.0632    4.3551    8.9144    7.1466
   13.1687    3.6159    9.6326    4.9320
    7.0694   15.7235   21.8467    9.6113
   23.3154    7.6726    2.2722   14.7628
    9.3527    7.3500   13.6565    2.7738
   18.0296    2.7337    4.7719    9.4866
    6.4794   11.3787   17.6000    5.3771
   23.0737    7.5129    2.4646   14.5232
   19.5790    4.8863    4.4909   11.2496
   14.6548    3.6985    8.7401    6.6353
   13.4642    4.1258    9.7978    5.4526
   11.1072    5.5209   11.7359    3.3066
    6.4324   11.3540   17.6011    5.2877
    4.8701   16.4127   22.6616    9.8985
   18.9160    3.4928    4.0796   10.3232
    4.1962   19.3838   25.8354   12.3065
    4.6886   15.3627   21.6826    8.6916
   18.0509    2.7472    4.8007    9.4897
    5.2199   13.3289   19.5761    6.9770
   11.2632    7.6221   13.3660    4.9667
   12.9297    4.0778   10.0363    4.7364
   14.0791    2.5900    8.6118    5.6404
   23.1120    7.3736    1.7200   14.5191
   18.4673    3.6686    4.9099   10.0528
    8.7467    8.6672   14.7778    3.8940
   23.3795    7.9930    3.2995   14.9161
    3.1616   18.2300   24.7272   11.1044
   12.8917    3.9088   10.0571    4.5313
    8.3910    8.3117   14.6464    2.8314
    4.5919   16.3483   22.6220    9.7741
    4.4048   18.9724   25.4371   11.9088
   17.5586    3.4420    5.8859    9.2473
    4.2596   19.3019   25.7537   12.2535
   19.1960    3.9467    4.0674   10.7008
   24.3989    8.8156    3.1766   15.8609
   25.0616    9.2858    3.1974   16.4503
    7.0342   11.1455   17.3065    5.3387
   18.2492    3.3275    4.9870    9.7935
    7.9985    8.6534   15.0196    2.7092
   21.1796    5.5367    2.3012   12.5804
    5.9424   10.6761   17.1288    3.8448
   25.0436    9.1931    2.8113   16.4030
   26.0371   10.1698    3.7575   17.3857
    5.0554   11.2549   17.7128    4.3019
    4.4932   12.3754   18.7972    5.5684
   22.9751    7.2575    2.2081   14.3426
   12.8282    3.8197   10.0409    4.4325
   11.3152    5.6135   11.7815    3.5905
   11.2955    5.5185   11.7100    3.5210
   21.9952    6.3650    2.5047   13.3778
   18.2925    3.4631    5.0300    9.8315
    6.5142   19.1137   25.4314   12.3807
   11.1475    5.6201   11.8288    3.3184
   11.8570    4.9801   11.1763    3.6935
   20.2005    4.6907    2.9221   11.6539
   19.2411    4.0905    4.3408   10.7258
    4.2200   19.2830   25.7259   12.2371
    9.4170    7.3187   13.5969    2.7274
    7.4977    9.2519   15.6139    3.2164
    3.3671   15.9296   22.3659    8.9789
    4.8182   15.3802   21.6163    8.9204
    7.1956   10.3826   16.6082    4.5941
    4.2429   18.8161   25.2571   11.7822
    3.1850   14.5106   20.9351    7.5905
   15.8827    1.6529    6.9020    7.3095
   23.3054    7.6479    2.1043   14.7460
   13.8632    3.7170    9.3447    5.6422
   23.3248    7.7212    2.6305   14.7603
    1.5436   16.4555   22.9908    9.2456
    6.0227   15.0710   21.3215    8.6675
    7.4796   10.3411   16.5694    4.4775
    4.7344   18.8087   25.1859   11.8928
   15.1324    2.5139    7.8766    6.7040
   17.2592    2.6130    5.7865    8.7884
   20.2697    4.9661    3.3253   11.7722
    4.6540   20.4018   26.9221   13.1977
   21.9493    6.1493    1.6157   13.3056
   10.5913    6.4806   12.5890    3.5298
    3.5843   18.4695   24.9353   11.3920
   11.0083    6.8866   12.7180    4.5278
    1.9989   15.5019   22.0191    8.3374
    4.2315   19.1457   25.6058   12.0883
    2.6105   14.5542   21.0428    7.4691
   24.0654    8.4472    2.8792   15.4960
   23.3320    7.7681    2.8898   14.7739
    3.9930   12.3858   18.8887    5.2887
   16.2317    2.8984    7.0779    7.8933
    1.9892   15.3586   21.8778    8.1905
   23.3435    7.7938    2.9995   14.7887
   21.7904    6.3320    3.0069   13.2091
   23.4569    8.1279    3.3444   15.0122
   11.2182    7.2015   12.8326    5.0664
   21.1903    5.5936    2.3733   12.6087
    8.9664    7.4877   13.9211    1.9781
    4.5176   18.2981   24.6579   11.4756
    5.5062   11.2374   17.6678    4.4920
   16.3141    2.6363    6.8312    7.9226
    4.6443   20.4108   26.9483   13.1914
    6.0232   21.0994   27.6070   13.9563
    4.2649   18.2010   24.6065   11.2900
   16.9510    2.5196    6.2434    8.4077
   19.2272    4.0412    4.2657   10.7054
   16.0039    5.1368    8.9722    8.1807
   16.6722    3.6992    7.0548    8.5236
   20.1676    4.6321    3.0660   11.6024
   20.9988    5.3741    2.5462   12.4053
   22.1503    6.4828    2.2746   13.5413
   22.0094    6.2824    1.9882   13.3706
    3.9508   15.3452   21.6821    8.6675
    5.9640   10.7448   17.2205    3.9332
   24.2805    8.5659    2.5419   15.7032
   22.9267    7.0921    1.4132   14.2740
    3.2461   18.1026   24.5590   11.0464
    9.3036    7.2808   13.6172    2.5467
   20.1019    4.8538    3.6682   11.6082
    5.9510   11.2584   17.6118    4.8225
   10.3195    7.9724   13.7795    4.7698
    7.8790    8.6270   15.0703    2.4058
   17.1145    2.7130    6.0186    8.6954
   14.7946    3.0891    8.4731    6.4040
   29.0232   13.1423    6.6671   20.3614
   12.8312    3.8628   10.0327    4.4897
    5.5645   11.2699   17.6931    4.5508
    6.5275   11.6632   17.8589    5.7424
    3.4931   16.2100   22.6126    9.3509
   24.3694    8.8738    3.5890   15.8693
   17.2973    2.9269    5.9661    8.8569
   20.1893    4.6756    3.1504   11.6089
    2.7218   15.3419   21.7705    8.3863
   10.3952    6.4736   12.6978    3.0850
    4.8602   20.1951   26.6802   13.0686
    7.2197   10.3839   16.6137    4.6003
   13.4057    3.9217    9.6961    5.3196
   11.4177    7.4877   13.0218    5.4593
   24.2003    8.6799    3.4316   15.6806
    5.0923   18.2888   24.6251   11.5358
   18.2854    3.3850    5.0519    9.7858
   14.2041    6.2137   10.9344    6.9583
   12.0210    6.1143   11.7620    4.9798
   14.9546    2.2108    7.9308    6.4179
   20.4189    5.1701    3.6235   11.9228
   17.0137    2.6576    6.0757    8.5435
   14.8954    2.7472    8.1143    6.5145
    4.5968   14.2485   20.6272    7.4883
   22.3571    6.8433    2.7285   13.8035
    2.7443   16.1732   22.6223    9.1723
   24.1200    8.3253    2.3227   15.4824
   17.2842    2.8166    5.9377    8.8165
   12.5894    4.9548   10.7689    4.8295
   13.0967    4.6087   10.2341    5.2556
   19.9103    4.5546    3.5542   11.3645
   20.2910    5.0276    3.3328   11.8073
   26.0624   10.4438    4.4712   17.5015
    5.9829   12.1033   18.3575    5.8221
   21.1664    5.9626    3.2751   12.7040
   13.6357    4.6261    9.8666    5.9666
   10.3417    8.2965   14.1754    4.6861
   18.3516    3.8075    5.1698    9.9936
   21.9755    6.3628    2.4601   13.3891
   22.7938    7.3284    3.2412   14.2136
    6.9064   20.3701   26.6118   13.7394
   20.3760    5.1258    3.4756   11.9147
   27.1454   11.3797    5.0519   18.5335
    2.2423   14.1940   20.7004    7.0620
    9.4954    8.9040   14.7920    4.9240
   15.0839    2.3033    7.7792    6.6717
   16.6131    3.5027    6.9292    8.4478
   24.8416    9.1609    3.5230   16.2278
    3.6139   13.1616   19.6267    6.2075
   22.1306    6.3953    1.7597   13.5103
   11.0145    6.8787   12.8481    4.1258
   21.7649    6.9381    4.6824   13.3085
    6.8351    9.5280   16.0130    2.7635
    7.8524    8.3090   14.7703    1.8698
   28.0683   12.2502    5.8046   19.4456
    6.2338   10.2405   16.6916    3.5643
    7.0566   20.4167   26.6435   13.8171
   21.9670    6.2177    1.5332   13.3470
    5.4241   11.2271   17.6257    4.5169
   12.7637    4.1252   10.2220    4.4949
   27.0287   11.1924    4.7811   18.3984
    4.2276   18.1022   24.5279   11.1206
    7.9097    8.8534   15.2249    2.7907
    6.9872    9.5767   15.9923    3.0757
    8.4998    8.3520   14.6281    3.0833
   20.2883    5.1012    3.5230   11.8371
    6.9083    9.5052   15.9537    2.8662
    6.7768   10.3323   16.6850    4.1315
    3.0977   15.2566   21.7049    8.3114
   26.2803   10.5361    4.4508   17.6637
   17.2911    2.8660    5.9177    8.8783
   25.0858    9.3202    3.2335   16.4771
   12.9077    5.2502   10.7548    5.4286
   11.8712    5.0525   11.2401    3.7474
    3.3919   18.5565   25.0611   11.4283
   20.3919    5.0920    3.3797   11.9035
   16.5931    3.3451    6.9998    8.3408
    8.5343    8.4176   14.7209    3.0748
    4.8549   20.4741   26.9822   13.3095
    5.6313   20.1228   26.5396   13.1328
   26.2786   10.5879    4.3857   17.7193
    4.1801   17.4344   23.7620   10.6476
    7.3880   10.7361   16.8261    5.2303
   14.7738    3.1445    8.5361    6.3922
    5.9489   12.4796   18.7713    6.1064
    5.2044   14.5044   20.7196    8.1886
   15.8102    2.2179    7.2205    7.2884
   21.9567    6.1666    1.4190   13.3202
   20.8793    5.4512    3.1408   12.3213
    3.9524   18.1349   24.5442   11.2002
   10.3095    6.3594   12.5936    2.9715
   26.0369   10.2042    3.9201   17.3956
    1.8251   16.2200   22.7151    9.1197
    4.4441   13.2270   19.5930    6.5778
    5.6894   18.4907   24.7404   11.8994
   20.1705    5.0757    3.7138   11.7230
   24.8416    9.1609    3.5230   16.2278
   11.8279    5.3745   11.4943    3.8779
    2.1913   17.3086   23.8402   10.1143
    9.9321    6.4669   12.9200    2.0094
   19.0519    3.6235    4.2325   10.4376
    8.8074    7.5562   14.0283    1.7158
    8.0732    8.1720   14.6403    1.8906
    2.0671   15.1783   21.6665    8.0869
   13.1924    3.6634    9.7503    4.8612
   19.7994    5.3830    5.4273   11.3760
    3.7108   13.8360   20.3147    6.8409
   15.1665    2.5143    7.9169    6.7002
    6.0866   10.3093   16.8164    3.3845
   19.2230    4.5703    4.8840   10.8424
   14.9434    1.9923    7.8330    6.3967
    7.2081    9.4257   15.8589    2.9609
   22.1826    6.5118    2.1278   13.5728
   27.0505   11.1601    4.7863   18.3759
   19.8290    4.0052    2.9949   11.1449
    8.5245    8.2432   14.5802    2.7766
   25.1050    9.2371    2.8250   16.4493
    2.7123   16.7199   23.2492    9.5575
   17.2150    3.1315    6.1736    8.8404
   11.9942    4.4604   10.7345    3.7523
   17.0446    1.8597    5.6419    8.4752
   15.3634    2.7046    7.7490    7.0365
   12.8476    3.6216    9.9628    4.2849
    4.1901   19.5937   26.1366   12.3763
    3.8699   17.1881   23.6062   10.2970
   13.2371    3.8147    9.8291    4.9599
    6.8166   21.4149   27.8985   14.3362
   11.9438    5.6785   11.6393    4.3092
    6.3359   10.2349   16.6977    3.5401
    9.9363    6.8176   13.2077    2.4348
    9.1462    7.3084   13.7251    2.0249
   25.0543    9.1726    2.9343   16.3859
   22.1622    6.4138    1.9630   13.5201
   19.0063    3.4604    3.9517   10.4119
   20.2873    4.9139    3.1940   11.7640
   14.4062    3.2829    8.7820    6.1527
    9.3624    7.2471   13.6077    2.4359
   13.1614    3.4728    9.6378    4.7889
    9.1293    7.3081   13.7446    1.9925
    5.4538   11.2191   17.6856    4.4030
    2.4994   17.2072   23.7184   10.0714
    4.4839   14.2291   20.6761    7.3645
    6.1305   10.3287   16.8356    3.4485
   11.2801    5.4452   11.7048    3.3675
    9.1293    7.3081   13.7446    1.9925
    8.1819    8.2779   14.7269    2.1964
    8.9940    7.4610   13.9207    1.8502
    7.5921    9.2796   15.6483    3.2797
   18.2140    3.0081    4.8721    9.6637
    8.4328    9.8048   16.0184    4.4019
   21.3615    6.1401    3.3773   12.9011
    4.3123   14.2024   20.6491    7.3489
   14.1479    3.2993    9.0176    5.7727
   11.2302    5.3056   11.5599    3.3098
   10.9150    5.4092   11.8318    2.5600
    9.0237    7.4878   13.9439    1.9649
    4.1785   18.9027   25.4252   11.7463
   11.0519    5.4017   11.7890    2.8743
    2.2723   15.5215   22.0465    8.3486
   24.1151    8.3442    2.7305   15.4698
    3.3642   13.5630   20.0803    6.4389
    2.1119   15.1714   21.6812    8.0403
   26.0618   10.1641    3.7846   17.3807
   10.1436    7.7815   13.8453    3.9924
   21.2154    5.5497    2.2267   12.6034
   12.9396    5.4817   11.1046    5.2462
   14.1169    2.4937    8.5726    5.6284
    6.4923   19.8795   26.2814   12.9928
    7.0625    9.7558   16.2007    3.2018
    5.1295   11.2548   17.7575    4.2317
    9.9308    6.3724   12.7763    2.0249
   18.8769    3.2440    4.0742   10.2152
   21.8697    6.1188    2.0484   13.1977
    5.2568   11.7296   18.2279    4.8084
    8.1819    8.2779   14.7269    2.1964
    5.9299   10.4139   16.9412    3.3559
   20.0013    4.2726    3.0876   11.3375
    4.0115   19.2106   25.7175   12.0695
   13.9765    2.7987    8.8927    5.4497
   19.2197    3.8175    4.0518   10.6302
    2.1180   15.3553   21.8918    8.1905
   16.3121    2.3639    6.7874    7.8403
    9.3995    8.5055   14.5609    4.0680
   16.1072    1.9362    6.8106    7.5568
    8.1099    9.2660   15.5838    3.5394
   16.9143    1.9983    5.9182    8.3324
    5.1546   11.7023   18.1508    4.8575
   11.8932    4.6466   10.9996    3.5113
   23.1617    7.4356    2.1356   14.5384
    9.8532    6.7016   13.1114    2.2282
   13.0261    3.4976    9.7455    4.5227
    9.8869    6.7099   13.1194    2.2352
   16.1010    2.0186    6.8679    7.5544
   21.9732    6.1664    1.7846   13.3134
   10.3622    6.4161   12.7128    2.9380
    9.1155    7.2422   13.7037    1.8147
   13.2127    3.7176    9.7834    4.9060
   15.0231    3.2741    8.3413    6.7056
    8.9502    7.3694   13.8571    1.5194
   12.0403    4.3981   10.7461    3.6302
   11.8175    4.8362   11.1260    3.5076
    8.2213   17.4463   23.5168   11.3998
    9.7750    6.9100   13.2812    2.3366
    6.9293    9.4851   15.9804    2.6686
   20.0397    5.3551    4.6659   11.6208
   19.0372    3.3935    3.6847   10.4196
   21.1840    5.5002    2.4125   12.5558
   23.1807    7.4598    2.2379   14.5594
   11.9950    5.2843   11.2762    4.1971
    2.4499   16.6672   23.1883    9.4979
   16.1072    1.9362    6.8106    7.5568
    3.4941   18.6640   25.1815   11.4946
    9.0377    8.0468   14.3169    2.9565
    3.0589   16.9102   23.4097    9.7901
    3.1920   18.4569   25.0026   11.2503
    3.7359   14.1320   20.5541    7.3145
    3.0841   15.7565   22.2298    8.6868
   20.9873    5.1985    2.0362   12.3479
   17.0833    2.1526    5.8666    8.5001
   10.8801    5.7891   12.1409    2.8065
   13.8014    2.7603    8.9731    5.2317
   17.9149    2.7152    5.2166    9.2888
   18.2296    2.9929    4.8036    9.6820
   19.2286    3.8569    4.0627   10.6593
    9.0591    8.3481   14.5974    3.3003
    9.9691    6.4114   12.8395    1.9847
    7.0245    9.7353   16.1807    3.1327
    2.6400   15.7188   22.2439    8.5660
   20.1975    4.6997    3.3650   11.6073
   20.0287    4.4294    3.2810   11.3922
    4.2717   12.2683   18.7810    5.2118
    3.9221   12.3409   18.8723    5.1802
   21.1866    5.6011    2.8289   12.5823
   12.0264    4.3147   10.6793    3.5746
   15.9615    1.5990    6.8429    7.3347
    3.2222   18.2100   24.7219   11.0781
   16.8259    2.2996    6.3029    8.2254
   24.1605    8.4482    2.5441   15.5715
   12.8257    4.6308   10.5531    4.7138
   15.0801    2.0434    7.7476    6.5631
    7.9483    8.5358   15.0100    2.1069
   15.9056    2.3090    7.1547    7.3663
    7.2856    9.2757   15.7320    2.8489
    7.4558   21.7505   28.1960   14.7493
    3.9204   12.3692   18.9053    5.2133
    2.7278   14.3522   20.8334    7.2616
    6.3257   19.7433   26.1065   12.9023
   23.1258    7.3495    1.9979   14.4833
   18.2844    3.3836    5.1767    9.7677
   11.1951    5.2231   11.5580    3.0833
    3.0462   13.1615   19.6884    5.9997
    6.4284   10.2901   16.7438    3.6744
    9.1215    7.2650   13.7128    1.8403
   24.2021    8.4904    2.7194   15.5883
    8.8999    7.3276   13.8403    1.3774
   20.2706    4.9349    3.5018   11.7503
    4.3175   12.2590   18.7750    5.1978
   12.8934    3.7746   10.0398    4.3965
    4.3175   12.2590   18.7750    5.1978
    3.3450   14.2107   20.6779    7.2443
   10.0310    6.1812   12.6392    1.8975
   21.0105    5.3078    2.5592   12.3626
    2.6933   14.5532   21.0859    7.3970
    4.3361   19.6375   26.1787   12.4273
   17.0677    2.0575    5.8112    8.4743
   21.1740    5.5652    2.7122   12.5649
    3.9344   13.2098   19.6815    6.2875
    6.3359   10.2349   16.6977    3.5401
   21.1740    5.5652    2.7122   12.5649
   11.7989    4.8715   11.1812    3.4756
   16.1142    1.8318    6.7552    7.5392
    1.9876   15.3422   21.8770    8.1638
   28.0419   12.1576    5.8155   19.3593
   10.0426    6.2021   12.6177    2.0857
   12.8315    4.1875   10.2484    4.5548
   18.0621    2.7420    4.9447    9.4550
    2.2466   15.2268   21.7400    8.1071
    3.2788   13.3848   19.9166    6.2401
    5.1106   11.6501   18.1462    4.6638
    2.8538   15.1766   21.6483    8.1733
   11.8137    4.8743   11.1893    3.4838
   10.1614    6.4483   12.7919    2.6411
   14.2146    3.2027    8.8432    5.8986
    8.2471    8.2786   14.7051    2.2642
    2.7572   16.1498   22.6217    9.1145
   19.0548    3.6689    4.2618   10.4421
    5.8719   11.1955   17.5799    4.6817
   15.3556    2.6522    7.7643    6.9583
    9.1388    7.2668   13.7044    1.9649
   11.9570    4.2919   10.7252    3.4605
    4.1241   12.3859   18.9164    5.2442
    1.5909   16.4426   22.9866    9.2159
    3.8874   19.4099   25.9534   12.1821
   10.1661    6.3801   12.7653    2.4198
    8.0150    8.3560   14.8537    1.8975
    3.2442   17.1957   23.6669   10.1725
    7.1076    9.3369   15.8172    2.6272
   14.8707    4.5226    9.3886    6.8242
    3.8398   13.8774   20.3738    6.8675
    9.9658    7.2163   13.4447    3.1369
   10.9215    6.2483   12.4651    3.2861
    7.9904    8.3696   14.8613    1.9355
    7.0181    9.8092   16.2721    3.2317
   15.0312    1.4363    7.5262    6.4422
    2.4994   17.2072   23.7184   10.0714
   13.9715    2.6841    8.8435    5.3959
    4.3242   12.6609   19.1723    5.6159
    4.4911   12.8738   19.3621    5.9003
   13.2074    3.6321    9.7387    4.8462
    2.2466   15.2268   21.7400    8.1071
    6.1394   10.3447   16.8430    3.4620
    5.9959   10.4790   16.9933    3.5180
    2.1557   16.2164   22.7287    9.0873
   12.0226    4.4792   10.8173    3.6616
    6.3866   10.2706   16.7245    3.6144
    2.9461   15.1898   21.6632    8.2001
   10.8397    6.1645   12.4131    3.1452
   11.7896    4.8330   11.1418    3.4808
   11.2978    7.6106   13.3287    5.0142
   17.7717    3.4642    5.9938    9.2762
    5.0311   19.1409   25.5720   12.1592
   19.8909    4.4741    3.7361   11.3002
   20.7994    5.7895    4.2657   12.2772
    4.3339   12.2846   18.7982    5.2536
   15.8601    2.0592    7.1686    7.2634
   18.0128    4.2798    6.3125    9.6882
    5.2248   11.4598   17.9404    4.5342
   15.1051    4.6033    9.1502    7.1656
   21.2303    5.6783    3.0160   12.6211
    9.5304    7.4264   13.7360    2.9095
   28.1280   12.3200    5.9748   19.4944
   16.9465    3.1150    6.5845    8.5359
   18.2791    3.3405    5.1117    9.7837
   24.1184    8.2468    2.0712   15.4518
   14.9047    2.7703    8.2360    6.4668
   11.6678   23.3135   29.4164   17.0054
   15.9924    1.8435    6.9064    7.4216
   16.1715    2.0557    6.8357    7.6039
   24.9585    9.1197    3.1653   16.2822
   17.3880    2.8513    5.8241    8.9017
   12.8375    4.1391   10.2538    4.5324
   18.2711    3.0168    4.7684    9.7118
   20.3469    5.0993    3.4907   11.8542
    3.5207   14.2156   20.6827    7.2752
   10.3877    6.3464   12.6608    2.8388
   15.4204    2.9211    7.8899    7.0697
   16.1897    3.2023    7.3828    7.8675
   12.2436    6.8438   12.4640    5.2838
    7.9321    8.5132   15.0233    2.0301
   18.0436    3.1835    5.3648    9.4984
   12.0310    4.4210   10.7758    3.6843
    9.9859    7.1166   13.3885    2.9854
   24.9424    9.0834    3.0822   16.2585
   18.9409    3.5184    4.3108   10.3189
   21.0096    5.1849    2.0417   12.3386
    3.5644   16.2810   22.6671    9.4341
   10.9147    5.4621   11.8958    2.6292
    9.3102   22.6280   28.9685   15.8498
   11.9248    5.0979   11.3165    3.7723
   12.2293    6.8419   12.4567    5.2783
   20.8941    5.2804    3.0488   12.2413
   15.0713    3.3904    8.3390    6.8276
   17.9733    3.4931    5.6571    9.4957
   22.1987    6.4721    1.9160   13.5657
   10.0249    6.5338   12.9622    2.2399
   10.7905    6.6963   12.7664    3.8448
    6.1541   11.3289   17.7042    4.9409
   16.3248    2.2206    6.6351    7.8479
   12.0293    4.2949   10.6700    3.5847
    9.2004    8.1880   14.4525    3.2034
    9.0964    7.5192   13.9600    2.0982
    5.9565   12.3026   18.5720    6.0619
    7.3972    9.2370   15.6344    2.9627
   15.9756    1.7315    6.8595    7.3920
   26.1123   10.2733    4.1455   17.4409
   11.2586    5.3272   11.5972    3.3239
   18.9409    3.5184    4.3108   10.3189
   23.1488    7.3161    1.8214   14.4787
    3.9524   13.8463   20.3458    6.8299
   18.1167    2.7437    4.7771    9.5110
   18.1078    2.9521    5.1311    9.5047
    7.4107   10.3986   16.6068    4.7044
   24.2654    8.5789    2.9531   15.6480
    9.1480    8.4195   14.6475    3.5002
   16.0210    3.9217    8.0178    7.8605
   15.9966    2.8993    7.3317    7.6039
   23.1078    7.5188    2.6379   14.5185
   25.1949    9.4756    3.4812   16.5942
   11.9002    4.5263   10.9478    3.4326
   17.8855    2.2618    4.8800    9.2109
   19.9398    4.4735    3.7911   11.2940
   20.0608    4.3603    3.0407   11.3993
   12.9708    3.8882    9.9658    4.6549
    6.7324   10.2155   16.5949    3.9166
   14.1559    3.3207    8.9287    5.8542
   18.8819    3.7331    4.7730   10.2518
   14.9617    4.6838    9.4493    6.9553
    2.6546   14.3197   20.8355    7.1884
   10.9601    5.4865   11.8686    2.7991
    3.5207   14.2156   20.6827    7.2752
   13.0935    3.8144    9.9517    4.6972
    4.3591   12.4463   18.9683    5.3911
   13.0935    3.8144    9.9517    4.6972
    2.8458   17.2325   23.7414   10.1199
    5.5406   11.2305   17.7034    4.4670
   24.1302    8.2711    2.3132   15.4524
   13.0689    3.7173    9.9066    4.6403
   20.2614    4.7162    3.2164   11.6452
   21.2098    5.5781    2.6494   12.5879
   24.1757    8.4065    2.5288   15.5546
   23.1750    7.3598    1.8840   14.5092
   12.9369    3.8235   10.0343    4.4781
   15.2240    2.3766    7.7618    6.7397
   20.2461    5.2773    4.0790   11.8175
   14.0780    4.6986    9.8935    6.1349
   26.0807   10.2055    3.8982   17.4176
   12.0773    6.2671   12.0367    4.8149
   21.0703    5.5289    2.8821   12.4794
   25.8281   10.0097    4.0100   17.1466
   17.8642    3.7108    6.0589    9.4161
   13.3069    3.9272    9.8845    5.0576
   13.2700    3.7369    9.7662    4.9646
   15.9137    3.3185    7.7276    7.5881
   22.1367    6.2950    1.4744   13.4773
   11.0282    6.7856   12.8283    3.9642
   18.2815    3.1165    4.8128    9.7514
    8.2130    8.4112   14.8174    2.3862
   18.8028    3.3992    4.4730   10.1472
   13.9888    5.0311   10.2330    6.1628
    6.4204   17.3038   23.6128   10.7312
    9.9532    6.4558   12.9193    2.0416
   22.0436    6.2877    2.2193   13.3677
   21.0292    5.4167    2.8648   12.4129
   21.0498    5.4194    2.9031   12.4007
    6.4194   10.2110   16.6776    3.5210
   11.9146    4.4722   10.8632    3.4394
   21.1207    5.6369    2.8220   12.5580
   10.0249    6.5338   12.9622    2.2399
   10.0152    7.1935   13.4898    2.9767
   11.3659    5.3921   11.6245    3.4189
    4.2238   19.0934   25.5598   12.0347
   17.3278    2.7525    5.9065    8.8245
   19.2738    3.8245    3.9264   10.6740
    3.8465   15.0982   21.5625    8.1382
   16.8638    3.3723    6.9658    8.4540
   22.8526    7.0403    2.0403   14.1643
   18.9078    3.2620    4.0100   10.2407
   14.8713    2.1576    8.0067    6.2663
    7.0057    9.4593   15.9593    2.6431
    3.7047   16.0461   22.5358    9.0154
   20.2592    4.8671    3.6486   11.6722
   11.1353    5.4817   11.8353    3.0399
   18.9637    3.5225    4.3363   10.3043
   24.9871    9.1751    3.3361   16.3083
    6.8849   10.3005   16.6552    4.0890
   17.8426    2.7037    5.3110    9.2035
   13.2986    3.7379    9.7608    4.9819
    4.9005   19.8667   26.4014   12.7042
    6.2431   10.3153   16.7979    3.4853
    8.3265    8.3543   14.7859    2.4982
   12.3425    4.6702   10.7815    4.2465
   13.0893    3.7708    9.9392    4.6872
   20.0588    4.4450    3.3112   11.4119
    8.2467    8.2483   14.7040    2.1654
    5.3384   11.3255   17.8284    4.3918
    7.0935    9.7843   16.2514    3.2107
    9.0608    7.4704   13.9279    1.9675
   17.9320    2.5277    4.9380    9.2973
   23.1661    7.6923    3.0252   14.6299
   23.0045    7.2782    2.1702   14.3785
   14.9345    1.5771    7.7394    6.2817
   25.0530    9.3573    3.5324   16.4419
   11.3619    5.5246   11.7514    3.5099
   14.0353    3.9805    9.4441    5.8516
   15.0368    2.1852    7.8207    6.5057
    2.2148   15.3506   21.8914    8.1985
   20.9990    5.5423    3.1143   12.4062
   25.9825   10.1879    4.3120   17.3063
   16.8349    3.0089    6.8162    8.2973
   18.3258    3.4048    5.1440    9.7972
   16.0755    2.4275    6.9919    7.5991
    8.2467    8.2483   14.7040    2.1654
   13.4148    6.7702   11.8061    6.4817
   24.2308    8.5796    3.0379   15.6440
   12.2780    6.5184   12.1010    5.2273
   22.1291    6.5803    2.4958   13.5549
    9.0480    7.7803   14.1366    2.5983
   12.0813    4.4928   10.7866    3.8026
   10.4512    6.4836   12.7558    3.1001
   19.8337    4.4765    3.8705   11.2290
   15.8677    2.2389    7.2716    7.3155
   22.1664    6.3932    1.6002   13.5343
   26.1651   10.3772    4.1548   17.5317
   10.2285    7.5327   13.5849    3.8859
   19.9392    4.3358    3.2684   11.2967
    5.1515   11.6439   18.1457    4.6778
   28.1383   12.3078    5.9591   19.4861
   19.9204    4.3055    3.3444   11.2794
   21.2171    5.5343    2.1816   12.6063
   22.1964    6.4250    1.8752   13.5415
   19.9621    4.4510    3.4284   11.3501
   14.9760    3.0540    8.3148    6.6267
   14.4772    4.5774    9.4356    6.6807
   19.0513    3.3376    3.7795   10.3926
   17.0569    1.6521    5.6556    8.4160
   15.1405    2.7655    7.9426    6.7443
   15.8650    3.0101    7.6304    7.4272
   20.8888    5.6488    3.7287   12.3445
   19.0401    3.4437    3.9775   10.4036
   19.8974    4.1864    3.1801   11.2257
   10.1782    6.4159   12.8079    2.4688
   23.1676    7.3928    2.3227   14.5076
   26.1037   10.2424    4.1046   17.4204
   15.8051    2.8484    7.6174    7.3447
   23.9781    8.0972    2.1095   15.2884
   24.1184    8.2468    2.0712   15.4518
    6.3659   13.9441   20.1573    7.7387
    8.1736    8.2024   14.6477    2.1424
   17.9997    2.9030    5.2603    9.3729
   19.0252    3.3850    3.8418   10.4026
    8.1527    8.9251   15.3303    2.9627
   20.0005    4.6295    3.6082   11.4162
   13.0254    3.5259    9.8077    4.5123
   11.1263    5.8922   12.0866    3.4935
   22.0282    6.2686    2.3108   13.3509
   17.1022    2.0240    5.8008    8.4921
   21.1939    5.4871    2.4091   12.5609
   12.9446    3.8572    9.9866    4.6065
   23.1082    7.8470    3.7213   14.6190
   20.3031    4.9373    3.3262   11.7680
   20.0173    4.3669    3.1974   11.3913
    7.2385    9.2246   15.6771    2.7907
   12.3433    4.7545   10.7707    4.4072
    5.2642   13.3226   19.7416    6.6204
   15.8601    2.0592    7.1686    7.2634
   23.1537    7.4161    2.4601   14.5167
   15.8434    3.5453    7.9946    7.4966
   18.9170    3.2661    4.0327   10.2435
   16.9590    2.1409    6.0278    8.3745
   18.3319    3.3466    5.0705    9.7837
   16.1859    2.1781    6.7560    7.7019
   21.0179    5.1874    2.0858   12.3409
   16.0099    1.8127    6.8361    7.4223
    7.3710   10.1702   16.5029    4.0577
   22.0829    6.4355    2.2879   13.4672
   25.1370    9.3078    3.2961   16.4667
   13.0827    4.2579   10.1188    4.9876
   20.1717    4.8508    3.4875   11.6380
   19.0917    4.2731    4.7846   10.6373
   22.0437    6.7393    3.3535   13.5266
   21.9200    6.1916    2.3393   13.2369
   16.7923    2.8353    6.7343    8.2460
   22.9467    7.2453    2.4646   14.2814
   16.8778    2.4773    6.3635    8.3133
   18.9078    3.2620    4.0100   10.2407
   19.0570    3.4783    3.8719   10.4451
   20.9222    5.2369    2.6938   12.2479
   16.0166    2.2076    7.1335    7.4436
   15.8640    2.1587    7.2335    7.2856
    3.5499   13.4173   19.9440    6.3181
   18.1196    2.8277    4.9792    9.4927
    9.8980    6.7234   13.1486    2.2561
   24.1601    8.3253    2.2453   15.5053
   24.1992    8.5373    2.9949   15.6165
   23.1441    7.2905    1.5618   14.4799
   16.8407    2.0973    6.1637    8.2159
   23.1676    7.4652    2.6358   14.5350
   22.1935    6.4972    2.0103   13.5797
   17.0656    1.8533    5.7183    8.4441
   15.0329    2.3152    7.9988    6.4559
   19.9280    4.3219    3.5175   11.2656
   11.9238    4.5138   10.9035    3.4341
   11.9761    5.5072   11.5123    4.1560
   15.2303    2.3972    7.7977    6.7261
   23.1563    7.3578    1.8244   14.5196
    7.6670    9.2711   15.6215    3.3364
   10.4602    6.4515   12.6980    3.0689
   11.1237    5.8355   11.9985    3.4424
    6.9400   10.3009   16.6520    4.1100
    3.3189   18.2022   24.6983   11.0819
    7.7478    9.3478   15.7038    3.4890
    2.8639   14.3923   20.9220    7.2644
   24.1278    8.2851    2.1510   15.4748
   15.1852    2.3649    7.7625    6.7269
   18.0589    2.6409    4.8772    9.4387
   23.3035    7.7100    2.7537   14.7053
   19.9870    4.7781    3.9342   11.4620
   23.0868    7.4765    2.5657   14.5063
   16.8575    2.1907    6.2492    8.2172
   19.9947    4.1663    2.8113   11.3230
   19.1028    3.5432    4.0052   10.4543
   14.1987    3.4157    8.9416    5.9294
   13.0055    4.1025   10.0816    4.8187
    9.9933    7.1413   13.4245    2.9889
   20.8009    5.6966    4.1221   12.2539
   17.1316    2.4146    6.0246    8.5554
    9.2514    7.3519   13.7761    2.1917
    3.2041   18.2995   24.8227   11.1260
   19.1005    3.7417    4.3598   10.4844
   23.0115    7.2206    2.1778   14.3360
   15.2969    2.6935    7.8418    6.8671
    4.3591   12.4463   18.9683    5.3911
   26.1523   10.3002    4.0272   17.4801
    3.7411   16.1573   22.5510    9.3149
   10.1842    7.1564   13.2880    3.4898
   24.1988    8.4996    2.7507   15.6029
   13.0397    5.2868   10.8662    5.3528
   12.8934    4.2274   10.3124    4.5639
    2.8808   17.5034   24.0252   10.3557
    4.7960   12.8021   19.2123    6.0576
    9.2880    7.3682   13.7611    2.2916
    8.2725    8.2699   14.7045    2.2927
    8.0078    8.3234   14.8314    1.8147
   10.2307    6.4168   12.7828    2.5293
   15.9198    2.4026    7.1706    7.4233
   17.1275    2.2808    5.9517    8.5212
    2.9570   17.2537   23.7603   10.1461
   11.1133    5.4216   11.7906    2.9326
    4.1615   14.2102   20.6037    7.4726
   17.0294    2.4021    6.1870    8.4176
   16.9223    1.8324    5.9882    8.2784
   11.0112    6.3102   12.4651    3.4771
   17.8678    3.0037    5.5252    9.2874
    9.2204    8.2231   14.4233    3.4756
   28.2987   12.5162    6.1941   19.6862
   24.1529    8.3237    2.2043   15.5034
   20.3874    5.2893    3.7420   11.9359
   22.0583    6.3583    2.0752   13.4378
   20.2563    4.8404    3.2961   11.7161
   10.3769    7.0652   13.1782    3.6673
   12.9623    3.7628    9.9303    4.5359
    8.2678    8.7671   15.0785    3.1219
   13.9030    2.8585    8.9845    5.3440
   19.9145    4.2754    3.4244   11.2461
   18.8117    3.5044    4.6302   10.1669
    7.0603   10.4901   16.7664    4.6099
   23.9455    8.0559    2.0089   15.2576
   10.7632    8.9968   14.7494    5.5562
   25.1790    9.4407    3.4058   16.5709
    5.1263   11.4146   17.9014    4.4524
    4.5701   12.8956   19.3801    5.9513
    9.4259    9.0492   15.1551    4.4565
    5.6393   11.2571   17.6922    4.5793
   13.0893    3.7708    9.9392    4.6872
   20.7929    5.2273    3.1740   12.1349
   25.1041    9.2595    3.2557   16.4319
   12.9705    3.9682   10.1373    4.5708
   22.9316    7.3171    2.7507   14.3173
   14.8928    2.3796    8.0566    6.3530
   14.0617    3.0172    8.9900    5.5782
    9.8980    6.7234   13.1486    2.2561
    7.7407    9.2877   15.6342    3.3921
   14.4703    3.4129    8.8441    6.2318
   20.0476    4.3732    3.2599   11.3806
   15.1886    2.4618    7.8885    6.7009
   23.0938    7.5713    3.0434   14.5320
   14.0426    2.9501    8.9540    5.5388
   16.0132    1.9374    6.9788    7.3987
   16.0335    2.1554    6.9344    7.5247
    7.5123    9.3327   15.7295    3.1327
   22.9711    7.1250    1.9015   14.2866
    3.0977   16.1961   22.6652    9.1998
   18.9610    3.4555    4.1026   10.3212
    8.3586    8.3310   14.7423    2.4709
    9.2225    7.3246   13.7526    2.0895
   12.2762    4.4773   10.6940    4.0436
   13.0893    3.7708    9.9392    4.6872
   10.0836    6.6199   13.0215    2.4466
   20.2432    4.7914    3.5238   11.6495
   14.1716    3.2595    8.9928    5.7736
   19.7754    4.7881    4.5526   11.2306
   18.8525    4.2782    5.3095   10.3620
   21.8646    6.1352    2.1993   13.2127
   16.9400    2.0841    6.0961    8.3227
   11.1431    5.4265   11.7885    3.0219
    4.6485   18.2445   24.7163   11.2225
   20.2432    4.7914    3.5238   11.6495
   24.1249    8.8232    4.1780   15.6234
   19.8891    4.6597    4.0244   11.3193
   16.8257    3.8113    7.3509    8.4860
   10.7854   11.1074   16.6886    7.3105
    5.2298   18.4414   24.8568   11.5493
   10.2841    7.6373   13.5985    4.1125
    7.1740   14.7370   20.8519    8.7268
   18.3834    3.9545    5.3193   10.0497
   20.4486    5.2316    3.6554   11.9598
   22.0072    6.4020    2.1727   13.4359
    6.2400   19.4833   25.7326   12.8570
   22.3723    6.9180    2.9940   13.8405
   14.1155    2.6409    8.5983    5.6850
    6.2379   20.2302   26.5687   13.4172
    4.3562   13.2531   19.6275    6.5908
   18.8959    3.5551    4.2889   10.3210
   24.1636    8.5148    2.7163   15.6042
   15.8039    2.2902    7.2746    7.2859
    9.9350   13.2414   18.8854    8.6498
   20.0685    4.5356    3.1320   11.4735
   23.3696    7.7570    2.4399   14.8066
   25.2555    9.4685    3.2155   16.6457
   10.6654    6.6061   12.6675    3.7272
   13.4225    3.9397    9.6243    5.4171
    7.1758    9.2743   15.6876    2.9326
   17.9379    3.9796    6.1074    9.6115
    5.6302   12.2859   18.5548    6.0170
   17.5143    3.4196    6.0214    9.1967
   22.1701    6.4762    1.9937   13.5591
   18.2669    3.3494    5.0928    9.7629
   12.2652    4.7325   10.8091    4.2471
    6.2925   10.6765   17.0364    4.2200
    4.3502   12.5302   18.9549    5.6487
    5.8747   12.4831   18.8032    6.0666
    5.4473   15.8926   22.2116    9.2706
    9.9120    7.1119   13.3676    2.9282
   13.7614    4.4453    9.7659    5.9775
    4.5673   20.1599   26.6414   13.0287
    3.9817   18.3671   24.7592   11.4046
    5.1477   13.2971   19.5933    6.8671
    4.0300   19.2400   25.7351   12.1117
    3.8849   13.2374   19.6881    6.3337
    8.4964    8.3741   14.6904    2.9872
   22.1100    6.4020    1.9700   13.5078
   21.3439    5.8201    2.5732   12.8081
    3.0003   14.1751   20.6126    7.2271
   21.0214    5.3680    2.2795   12.4225
   16.6036    3.4353    7.0006    8.4117
    6.4209   16.8066   22.8734   10.6698
   13.9608    2.6975    8.7996    5.4444
    4.7691   16.5568   22.9179    9.7983
   17.4095    3.4069    5.9915    9.1174
   17.2812    2.7324    5.7693    8.8363
   13.0236    5.6981   10.9531    5.8999
    2.6583   14.5671   21.0735    7.4387
   10.8364    5.4858   11.8879    2.6371
    9.5307    7.5600   13.7070    3.4067
   23.3266    7.7061    2.6887   14.7509
   10.2982    8.2743   14.1871    4.6020
   20.2011    4.8183    3.4970   11.6512
    4.4187   15.3289   21.6807    8.5918
    4.0595   18.0883   24.5550   11.0640
   18.0117    2.6895    4.8579    9.4410
   15.1341    5.5452    9.8414    7.5709
   20.2117    4.7431    3.2700   11.6414
    5.2746   13.3631   19.6548    6.9792
   15.4229    3.3171    7.9381    7.2931
   17.7603    2.7620    5.3885    9.1763
    6.0649   18.1288   24.4488   11.4360
   16.0506    1.8610    6.7478    7.5392
    9.8732    7.6807   13.6955    3.9963
    6.3247   21.0614   27.4710   14.0509
    3.6450   18.7025   25.1960   11.5763
   14.8327    2.4525    8.1381    6.2987
   21.1091    5.7162    2.8299   12.5949
    4.6589   19.6519   26.0994   12.5932
    4.5652   18.3030   24.6472   11.4937
   21.1584    5.4810    2.1980   12.5641
    3.4560   19.2321   25.7501   12.0300
    7.8149   10.8981   17.0259    5.3698
    5.2359   16.3783   22.6063    9.9329
    3.2481   14.2026   20.6571    7.2379
   12.3832    6.2554   11.7076    5.3795
    8.1055    9.2752   15.5901    3.5291
    9.1197    8.3022   14.4840    3.5173
   19.9863    4.8039    3.8447   11.4692
    4.9176   20.4634   26.9975   13.2601
   15.3825    3.0319    7.9190    7.1035
    9.8843    6.8175   13.1837    2.4455
   17.6787    4.0132    6.1727    9.5006
   15.7198    3.7638    7.9624    7.6677
   18.0755    3.0618    5.1756    9.5299
    3.2282   16.9734   23.4519    9.9032
    3.2521   17.4779   23.9038   10.4558
   17.8565    4.7045    6.6234    9.8354
   24.2994    8.6248    2.7446   15.7416
   24.9329    9.0944    2.8802   16.2765
   16.7573    2.8610    6.6168    8.2744
   20.1705    4.6220    2.8821   11.6159
    7.5751   10.2771   16.4570    4.6156
   25.1079    9.2981    2.9810   16.4803
   20.9564    5.2206    2.3155   12.3230
    7.4085   10.5664   16.7006    5.0173
   20.3570    5.3492    3.8144   11.9583
   21.9169    6.6753    3.4915   13.3920
   21.1822    5.6369    2.7345   12.6069
   18.9075    3.6588    4.4891   10.3174
   24.9662    9.1641    2.9773   16.3255
   14.3829    3.2477    8.7091    6.1789
   23.4384    7.9817    3.0316   14.9254
    8.8242    7.9359   14.2882    2.5467
    5.2359   16.3783   22.6063    9.9329
    3.6994   18.7088   25.1824   11.5907
   15.4622    3.3462    7.8485    7.3450
   10.0942    6.4360   12.8005    2.4773
   11.5570    8.3490   13.8786    5.8244
   17.2941    2.8698    5.9452    8.8516
   27.0471   11.1781    4.7312   18.3927
   20.0382    4.5295    3.0669   11.4842
   18.4818    3.7228    4.9753   10.0745
   24.1270    8.3688    2.6126   15.4953
   26.0797   10.2859    4.1228   17.4421
   19.4733    4.4816    4.3223   11.0206
   16.8077    3.2668    6.9312    8.3667
    7.2130    9.5296   15.8819    3.3967
    7.7348   12.5619   18.6448    6.9298
    2.4314   16.5479   23.0121    9.4591
   14.7948    2.2373    8.0363    6.2414
    4.4550   18.2203   24.5715   11.3822
    7.0899    9.9272   16.2962    3.6638
    3.1081   13.3578   19.8407    6.2559
   14.2098    3.1593    8.7833    5.9158
    4.6706   15.4899   21.7268    8.9894
    3.9532   13.2525   19.7045    6.3682
   17.0720    2.3157    5.8887    8.5343
   10.9132    6.3673   12.5184    3.5438
    3.0100   16.8312   23.3053    9.7877
    2.4826   14.3761   20.8833    7.2397
   17.5360    3.4206    6.0126    9.2061
   18.4673    3.6686    4.9099   10.0528
   19.3041    4.3125    4.3744   10.8602
   19.2208    3.9033    3.9180   10.6944
    7.8938    8.3191   14.8166    1.8003
    6.9632   20.8597   27.2788   13.9200
    7.8376   20.4841   26.7399   13.8382
   23.1268    7.4245    2.1381   14.5348
    5.6152   19.2768   25.6196   12.4871
    7.7323   16.2033   22.2742   10.2320
   13.0035    3.7520    9.8971    4.6448
   12.0639    4.6473   10.8642    3.8725
    4.5411   16.3070   22.6321    9.6578
   19.2406    4.1063    4.2194   10.7646
    4.4817   16.2947   22.6178    9.6351
   20.1508    4.6061    3.1329   11.5831
    9.2431    7.3986   13.7072    2.5179
   14.1221    2.7108    8.6252    5.7183
   22.9532    7.1371    1.4930   14.3050
    5.4295   18.6455   25.0580   11.7297
   18.8866    3.5513    4.2676   10.3182
   20.2134    4.8066    3.2301   11.6874
   25.2898    9.5857    3.7670   16.6857
   13.9447    2.7785    8.8684    5.4521
    9.0850    7.3107   13.7029    2.0870
    3.5226   18.4042   24.8723   11.3103
    3.9278   14.2061   20.5878    7.4499
   25.2555    9.4685    3.2155   16.6457
   20.8133    5.5393    3.7678   12.2337
   12.0634    4.7836   10.9136    4.0583
    4.4630   12.1848   18.6459    5.2754
    3.7445   19.1782   25.6791   12.0304
   13.4882    4.2135    9.8434    5.5011
    7.1776    9.4402   15.8267    3.0774
    4.6762   19.8267   26.3293   12.6638
   11.0232    5.8691   12.0607    3.4364
   14.1639    5.3151   10.1805    6.6133
    4.2777   17.9641   24.3470   11.0428
    3.7591   16.9295   23.3221    9.9969
   11.1622    5.9630   12.0300    3.6431
   29.0387   13.2073    6.8389   20.3994
   27.1694   11.4649    5.2113   18.5843
   23.2790    7.8609    2.9690   14.7906
   13.1849    3.8870    9.7786    5.0720
    4.7535   12.3323   18.7355    5.6551
   22.9264    7.1413    1.8016   14.2860
   22.3695    6.8977    2.4925   13.8651
   23.3219    7.6818    2.5201   14.7522
    5.3245   11.8148   18.2018    5.1246
   16.2658    2.3038    6.6845    7.8316
    6.1635   13.5299   19.6899    7.4893
   16.0743    1.8629    6.7400    7.5506
   14.4216    3.4814    8.7761    6.2995
   16.9668    2.5978    6.2950    8.4336
   24.2898    8.6287    2.9060   15.7299
   19.0330    3.6239    4.0918   10.4464
    9.3475    8.6796   14.6699    4.4723
   20.9881    5.2727    2.1213   12.3715
   20.4216    5.2020    3.6576   11.9267
   23.4311    8.0884    3.3095   14.9827
    4.4817   16.2947   22.6178    9.6351
    5.0285   18.2688   24.6069   11.5127
   16.8363    3.2176    6.8667    8.3791
   20.8341    5.6465    3.7516   12.3135
   10.7749    6.1452   12.3826    3.1026
    3.5608   18.4289   24.8740   11.3698
   14.1123    2.9018    8.7691    5.7401
   19.4026    4.7289    4.5666   11.0711
   19.9304    4.5627    3.6501   11.3487
    4.1468   18.4498   24.8380   11.5184
    5.9689   20.2277   26.6090   13.2946
    8.6723   11.8830   17.7937    6.8050
   12.9869    4.3158   10.1335    4.9793
    4.5176   18.2981   24.6579   11.4756
   17.9190    2.9158    5.3027    9.3436
    7.7198   11.9633   17.8739    6.7744
    2.4904   17.5006   24.0296   10.3101
   11.9724    4.4082   10.7280    3.6460
    5.1914   20.4324   26.8806   13.3647
   23.8827    8.2225    2.7747   15.2790
   14.7369    4.0189    8.9345    6.7682
    3.5033   13.2252   19.7271    6.1472
   10.0868    6.3477   12.7651    2.2619
   13.8686    2.8132    8.9494    5.2906
    3.3642   13.5630   20.0803    6.4389
    4.6948   20.1420   26.6423   12.9968
   24.1081    8.3006    2.4545   15.4568
   16.8852    1.8636    6.0057    8.2636
   23.1258    7.3495    1.9979   14.4833
    9.1586    7.3354   13.7681    2.0994
    4.4376   17.3517   23.7683   10.4281
    5.1621   11.2870   17.7977    4.2789
   14.9740    4.9017    9.5343    7.1057
    9.9038    6.7638   13.1738    2.3232
   19.0152    3.5638    4.1288   10.4311
    2.7828   16.1692   22.6410    9.1465
   18.0190    2.4667    4.7335    9.3928
   12.9297    3.8758   10.0081    4.5468
   17.9055    2.5779    5.0776    9.2672
   17.0964    2.3856    6.0080    8.5291
   15.0980    2.6792    7.9405    6.6729
   10.8747    5.4172   11.8824    2.4636
   18.8358    3.0260    3.8648   10.1520
    3.8221   15.2654   21.6312    8.5401
   15.9419    1.8980    7.0104    7.3479
   19.0026    3.2045    3.6319   10.3454
    5.0853   13.2899   19.7139    6.5460
   12.8333    3.5198    9.8697    4.2868
   22.2460    6.7615    2.7224   13.7043
    7.0401    9.3626   15.7975    2.8360
   23.1563    7.3708    1.8545   14.5151
   11.0162    5.3754   11.7799    2.8185
    7.0885   10.0687   16.4726    3.6787
   24.1151    8.3442    2.7305   15.4698
    2.9668   14.3413   20.8122    7.3666
    4.7724   16.5007   22.8677    9.7070
   21.1554    5.4417    2.3639   12.5205
   18.2692    3.0449    4.7892    9.7080
   10.8492    5.3146   11.7848    2.3884
   16.0564    1.7494    6.7866    7.4980
   19.2081    3.6764    3.8389   10.6069
    8.1582    9.3077   15.6459    3.5372
   23.8309    8.1035    2.8811   15.1759
    3.1153   18.1817   24.6912   11.0320
    4.5560   12.1366   18.6063    5.2118
   15.8864    1.3643    6.8268    7.2623
   20.2107    4.7421    3.4597   11.6262
   12.2673    4.5761   10.7306    4.1296
   22.1672    6.5260    2.5069   13.5482
   12.8345    3.5198    9.8907    4.2379
    2.7828   16.1692   22.6410    9.1465
    7.9904    8.3696   14.8613    1.9355
   10.0091    6.5077   12.8531    2.4166
    8.2079    8.2343   14.6746    2.1436
    9.8368    6.6324   13.0819    1.9609
   22.1546    6.3569    1.5564   13.5053
    7.6184   10.6949   16.8974    4.9557
    4.3175   12.2590   18.7750    5.1978
   11.0510    9.3736   14.8975    6.2443
   15.9968    1.8520    6.8373    7.4135
   18.9822    3.3109    3.8137   10.3537
   22.9423    7.0557    1.0680   14.2672
   14.9841    3.7044    8.5870    6.8058
    9.1342    7.2085   13.6363    1.8275
   18.8656    3.3530    4.2585   10.2264
   13.2288    3.6196    9.7046    4.8826
    6.3247   10.2042   16.6716    3.4568
   15.8864    1.3643    6.8268    7.2623
    5.0214   11.4104   17.9250    4.3393
    2.7863   14.5253   21.0136    7.4307
    2.2751   15.4830   21.9790    8.3480
   20.9870    5.2096    2.3593   12.3160
    3.9344   13.2098   19.6815    6.2875
   12.1741    4.4182   10.6736    3.9543
   21.1627    5.4421    2.2477   12.5257
   17.0215    1.6095    5.6380    8.3894
   13.0353    4.8459   10.5001    5.2008
   18.8444    3.8709    4.8065   10.3106
   18.2521    3.2120    5.0256    9.7180
    4.4463   12.1384   18.6216    5.1777
   17.0571    1.7974    5.6585    8.4420
   22.1743    6.4450    2.1213   13.5363
   14.0270    3.6575    9.1999    5.8208
   12.0167    4.4085   10.7769    3.5811
    9.8768    6.7341   13.1493    2.2270
    5.9113   10.3959   16.9152    3.3613
   18.0473    2.6680    4.8789    9.4318
    4.3805   19.1708   25.6400   12.1141
   20.1327    4.9195    3.8411   11.6121
    6.9757    9.2632   15.7816    2.3422
    4.3235   19.6291   26.1739   12.4236
   10.9395    5.4461   11.8591    2.6440
    8.8392    7.2917   13.7902    1.2589
   11.0953    5.3721   11.7512    2.9104
    3.4987   13.2438   19.7602    6.1540
    1.4420   16.2930   22.8198    9.0953
    7.9816    8.3320   14.8319    1.7784
    7.2758    9.2418   15.7042    2.7446
    3.3373   13.2135   19.7170    6.1166
    3.0673   13.3331   19.8531    6.1852
    4.2490   12.6320   19.1489    5.5684
    2.6449   14.3875   20.9173    7.2336
   11.4095    5.5326   11.6682    3.6438
    4.3569   15.2509   21.5735    8.6384
    4.3465   12.2981   18.8048    5.2625
    9.1293    7.3081   13.7446    1.9925
   11.0174    6.1982   12.3168    3.6352
   12.9059    4.2849   10.2788    4.6672
   10.9053    6.2921   12.5186    3.3317
   21.0646    5.3221    2.4714   12.3929
   24.1663    8.3675    2.3987   15.5205
    8.0967   11.1446   17.2818    5.6126
    6.5216   10.2968   16.7498    3.7349
   10.1286    7.3591   13.5021    3.5195
   14.9695    4.7114    9.4206    7.0090
   28.0651   12.1481    5.7101   19.3752
   13.0521    3.6153    9.8175    4.6482
    2.9744   14.4177   20.9434    7.3009
   13.9509    3.2716    9.0884    5.5819
   21.0418    5.7990    3.5088   12.5302
   18.9208    3.5174    4.3229   10.3106
    9.9801    6.4867   12.9443    2.1461
    2.7618   17.1937   23.6993   10.0882
   15.9647    1.7239    6.8462    7.3881
   24.1437    8.3165    2.5592   15.4807
   13.9118    3.7628    9.5276    5.5641
   21.0519    5.2843    2.3369   12.3753
   20.9098    5.2367    2.6866   12.2626
    9.0423    7.4216   13.8764    1.8628
    8.8934   10.3469   16.3851    5.3805
    7.9884    8.8028   15.2200    2.6519
    9.9785   11.7098   17.4254    7.3123
    2.5340   15.2109   21.7121    8.1068
    9.8980    7.0431   13.3556    2.7550
   19.9421    4.3089    3.3773   11.2660
   23.9827    8.1202    2.3084   15.2872
   21.0418    5.7990    3.5088   12.5302
   29.1478   13.3404    6.9630   20.5143
   24.2785    8.6853    3.1853   15.7072
   20.0260    4.3699    3.2258   11.3938
   19.2649    3.8876    4.1548   10.6718
    4.1824   14.2322   20.6349    7.4838
   21.2177    5.6429    2.9069   12.6038
   14.9966    1.9644    7.8118    6.3935
   14.9824    2.0216    7.7998    6.4373
   19.0888    3.4863    3.9236   10.4334
   15.9308    2.4081    7.1833    7.4272
   20.9496    5.7019    3.6667   12.3831
   16.1576    1.9318    6.6762    7.6230
   16.4708    3.2979    7.0442    8.2362
   23.1560    7.3656    2.1791   14.4925
   14.9335    2.5105    8.0710    6.4223
   21.1912    5.4549    2.2916   12.5435
   20.1003    4.5860    3.3960   11.4817
    2.5174   15.3836   21.9168    8.2501
   16.9232    1.9857    6.0085    8.3214
   23.1725    7.3755    1.6810   14.5331
   14.9049    4.0501    9.0001    6.7601
   19.8841    4.1998    3.3903   11.2067
   20.0694    4.3634    3.0705   11.4018
   12.3300    4.6697   10.8063    4.2311
   11.8714    4.4423   10.8738    3.3652
   19.0680    3.4852    3.8840   10.4451
   15.8259    2.6585    7.4912    7.3031
   13.0432    4.0946   10.0382    4.8198
   15.4945    2.9599    7.7782    7.1685
    9.0352    8.5481   14.7280    3.8067
   14.0426    3.6998    9.2460    5.8574
    9.5547    8.0446   14.1196    3.8204
    9.3323    8.6486   14.7733    4.0203
   19.0423    3.4098    4.0162   10.3904
    9.2301    7.3674   13.7843    2.2247
   17.3148    2.6350    5.8779    8.7839
   11.9286    4.9540   11.1847    3.6879
   20.0252    4.3025    3.1879   11.3625
   14.2456    3.1475    8.8933    5.8556
    7.1996    9.4041   15.8923    2.8314
   10.1242    7.0482   13.2414    3.2630
   12.1157    4.5503   10.8573    3.7737
   15.2606    2.7940    7.8260    6.9324
   24.9844    9.1630    3.0884   16.3204
   27.0804   11.1937    4.7672   18.4094
   15.0185    2.2527    7.8591    6.4985
   10.0689    7.2055   13.4097    3.2422
   23.0983    7.4296    2.3179   14.4821
   16.9480    4.6897    7.9371    8.8020
   24.2287    8.5180    2.7254   15.6190
   17.8520    2.8349    5.4441    9.2253
   14.9751    1.7685    7.7543    6.3518
   20.0337    4.2455    2.8840   11.3645
   18.9987    3.5993    4.2358   10.3623
    7.9836    8.6267   15.0901    2.4391
    5.3099   19.2768   25.7231   12.2914
    9.3675    8.1710   14.3220    3.6666
    8.9390    7.9653   14.3447    2.6163
    9.1874    7.2745   13.7201    1.9582
   16.9034    2.4831    6.3809    8.2951
   24.0080    8.1596    2.3581   15.3162
   20.0392    4.2894    3.0325   11.3629
   14.9863    1.9632    7.8461    6.3833
   22.8715    7.0838    2.0524   14.1935
   22.0127    6.2083    1.9304   13.3337
    9.7780    9.5766   15.5316    5.2347
   17.1726    2.3730    5.8065    8.6085
    2.5795   17.3506   23.8596   10.2180
    3.5152   18.3147   24.8033   11.1874
    4.5226   12.5263   19.0091    5.6427
    2.4956   15.3472   21.8669    8.2096
   11.2228    5.6086   11.7927    3.4356
    8.0448    8.8995   15.2961    2.9300
   11.3902    5.5904   11.7895    3.5847
   23.0387    7.2759    1.9686   14.3993
   11.8728    4.5077   10.8850    3.4696
   23.9830    8.3450    3.0929   15.3576
   13.9664    3.1483    9.1248    5.4597
    4.4289   12.4324   18.9401    5.4051
   14.9077    2.3755    8.0645    6.3292
   12.8904    4.2574   10.3121    4.6313
   18.1187    2.9133    5.1090    9.4971
   19.2817    3.9805    4.2611   10.6966
    3.5299   13.3939   19.9222    6.2717
   21.2098    5.5781    2.6494   12.5879
    8.0935    8.9430   15.3593    2.9273
   14.8711    3.2045    8.5364    6.4901
   18.3027    3.3448    5.1333    9.7682
   10.9513    6.2575   12.4427    3.4174
   12.8769    4.3117   10.3866    4.5890
   17.3489    2.8416    6.0076    8.8389
   16.3341    2.4798    6.8385    7.8787
    4.0809   13.2038   19.6707    6.2842
   24.4378    8.9185    3.6847   15.8980
   23.0286    7.2402    2.2267   14.3471
    9.2880    7.3682   13.7611    2.2916
    2.9625   16.1874   22.6513    9.2052
   11.3792    5.5039   11.7418    3.4890
    9.9136    6.6871   13.0624    2.3566
   26.0973   10.2069    3.9264   17.4089
   17.8826    2.8852    5.4146    9.2495
    8.0154    8.3191   14.8047    1.9873
   18.8784    3.8560    4.8277   10.3023
   16.9110    3.5530    7.0128    8.5514
   13.8409    3.5699    9.4350    5.4473
   12.9159    4.9227   10.6906    4.9970
    5.4158   11.3999   17.8617    4.6184
   17.7774    3.3011    5.9331    9.2241
   18.0151    3.2019    5.2907    9.5053
    8.0620    8.6152   15.0899    2.3455
   23.1772    7.4009    1.9246   14.5318
   17.9387    3.3498    5.6853    9.3914
   24.1505    8.3587    2.7707   15.4826
   15.2471    2.8760    7.9485    6.9332
   22.1865    6.5792    2.4758   13.6042
   19.9097    4.3883    3.5666   11.2896
    3.4429   13.5707   20.0936    6.4829
   15.9999    2.1149    7.0880    7.4142
   12.2980    4.5218   10.7242    4.0973
   12.0994    4.5753   10.8677    3.7930
    6.7280   11.5161   17.8648    5.2586
   11.9413    4.5834   10.9000    3.5949
   28.0432   12.1506    5.7984   19.3612