0.3383    5.2020   12.9081   10.4883
   -0.8006    4.8556   22.6960    4.4512
   -0.8006    4.8556   11.4434    4.4435
   -0.8006    4.8556   11.4058    4.4529
   -3.7813    4.8948   11.9021    6.8426
   -0.8006    4.8556   11.4434    4.4529
   -1.2136    5.1645   11.5209    6.6447
   -0.8006    4.8556   11.4435    4.5024
   -1.1210    4.4433   11.7207    8.8165
   -0.4074    2.8807   10.8899    7.7924
    6.2998    4.8763   10.6862    5.3482
    4.6906    3.0506    7.6320    6.5025
    0.5946    4.2938   11.9735    7.2870
   -1.0703    5.4173   11.2109    5.3379
   -0.7693    5.7832   10.3893    4.3963
   -0.8006    4.8556   11.3243    4.4534
   -0.8006    4.8556   11.4435    4.4529
   -0.8006    4.8556   11.2628    4.4531
   -0.8006    4.8556   11.4360    4.4764
   -0.8006    4.8556   11.4431    4.4534
   -0.8006    4.8556   11.4433    4.4375
   -0.8006    4.8556   11.4433    4.4529
   -0.9228    5.0985   11.8313    6.5665
   -1.4716    4.8756   10.2471    3.6232
    3.6359    4.8684    9.7210    5.2330
   -0.7190    5.2561   14.0559    2.8532
   -0.8006    4.8556   11.4435    4.7802
   -0.8006    4.8556   11.4426    4.4161
   -0.8006    4.8556   11.4434    4.4554
   -0.8006    4.8556   11.4431    4.4539
    4.0043    5.2553    9.7571    5.4266
   -0.8006    4.8556   10.9668    4.4531
   -1.8771    4.8299   11.3241    4.1721
   10.7088    4.9202   12.0635    3.8799
   -0.8006    4.8556   11.4435    4.4529
   -0.8006    4.8557   11.4434    4.4931
   -0.8006    4.8556   11.4434    4.4500
    1.0468    4.7483   11.4784    3.8224
   -0.8006    4.8556   11.3934    4.4529
   -0.8006    4.8556   11.4429    4.4529
   -0.5995    5.2345   11.5059    7.8377
    2.2349    5.0824   23.1502    5.1443
   -0.8006    4.8556   11.4433    4.5146
   -0.8006    4.8537   11.4434    4.4529
   -2.6711    4.9008   10.9799    7.1762
   -0.8189    5.1539   12.8325    4.2366
   -0.8006    4.8556   11.4434    4.4535
    4.5742    3.4369   12.9921    7.4423
   -0.8006    4.8539   11.4434    4.5940
    9.8108    4.8705   12.2285    6.9382
   -0.7992    4.8556   11.4434    4.4529
   -0.8006    4.8556   11.4433    4.5122
   -0.8006    4.8556   11.4434    4.4522
    0.8330    5.0792   12.5973    3.1919
   -1.1564    5.1719   13.2928    6.1174
   -1.3509    4.8503    5.6491    5.7277
   -0.8006    4.8556   11.4426    4.4476
   -0.8006    4.8556   11.4429    4.4528
   -0.8006    4.8556   11.4432    4.4531
    4.0555    4.8336   13.2661   11.7919
   -0.9518    2.3736   13.5442    6.2450
   -0.8006    4.8556   11.4438    4.4529
   -0.8006    4.8543   11.4433    4.4529
   -0.8006    4.8556   11.4434    4.4526
   -0.8006    4.8556   11.4432    4.4529
   -0.8008    4.8557   11.4434    4.4535
   -0.8006    4.8556   11.4434    4.4340
   -0.8006    4.8556   11.4435    4.6126
   -0.7910    4.8556   11.4434    4.4589
   -1.5576    5.2031   12.2059    6.0686
    4.4558    2.7500   12.3657    4.5057
   -0.9441    5.2034   14.5358    5.4788
   -0.8006    4.8555    8.7430    4.4595
   -0.8006    4.8556   11.4412    4.5334
   -0.8017    4.8556   11.4434    5.0654
   11.2458    4.8534   11.4110    6.7381
   -0.5690    4.2618   10.8551    6.5025
    1.9410    3.9803    7.1232    5.5495
    2.4961    5.3635   11.0011    4.3859
   -0.8006    4.8556   11.4434    4.4568
   -0.8006    4.8556   11.4434    4.4548
   -0.3704    5.1599   11.0228   11.7710
   -0.8006    4.8556   11.4434    4.4510
   -0.7978    4.8556   11.4434    4.9989
   -0.4318    5.0967   10.7156    4.4988
    3.7674    5.2108   10.8994    4.5561
   -0.8006    4.8556   11.4317    4.4466
    0.0820    4.8677    8.9490    5.4574
   -0.8006    4.8556   11.4434    4.4530
   -0.8006    4.8556   11.4433    4.4530
   -0.8022    4.8556   11.4434    4.4530
   -1.0671    2.9521   11.2186    5.9062
   -0.5246    5.2779   10.9135    5.7467
   -0.8006    4.8556   11.4434    4.4529
    3.3733    3.3993   11.1240    4.5759
    5.1969    3.1640   10.2124    5.0172
   -0.0490    4.8678   11.4610    5.9003
   -0.8006    4.8556   11.4435    4.4935
   -0.8006    4.8556   11.4434    4.4524
   -0.8006    4.8556   11.4428    4.4530
   -0.8006    4.8556   11.4434    4.5875
   -0.8006    4.8554   11.4458    4.4186
   -0.8006    4.8556   11.4434    5.4872
    3.2612    5.2285   11.5511    5.4319
   -0.8006    4.8556   11.4370    4.4527
    1.1213    7.6710   15.5205    4.5020
   -0.8006    4.8556   11.4434    4.4520
   -0.8006    4.8556   11.4378    4.4526
   -0.8006    4.8556   10.2398    4.4516
   -1.0014    5.2099   10.6455    6.4142
   -0.8006    4.8556   11.4491    4.3643
   -0.9938    5.0773   12.3450    4.6908
   -3.6164    5.1271    4.3356   13.0945
   -0.8455    4.3022   11.1782    5.4542
   -1.1201    5.2825   12.1933    7.3693
    2.3182    4.7972   11.1133    6.1398
   -0.8006    4.8556   11.4373    4.4620
   -0.3738    5.3756   10.8282    4.8503
   -1.0682    5.0207    9.8200    4.7387
    3.5832    4.8898    9.8654    4.1763
    0.8668    4.8505   10.4646    6.1366
   -0.8006    4.8556   11.4434    4.4529
   -0.8006    4.8556   11.4434    4.4527
   -0.8006    4.8556   11.4435    4.4690
   -0.8006    4.8556   11.4430    4.4529
   -0.8444    5.3057   12.2008    4.8066
   -0.8137    5.8402   11.5271    4.6951
   -0.8006    4.8556   11.4455    4.4539
   -0.4425    5.2262   14.5204    5.0180
   -1.2506    5.2068   11.7392    6.0004
   -0.8006    4.8556   11.4434    4.4533
   -0.8006    4.8556   11.4432    4.4504
   -0.2974    1.0051   12.5537    5.8290
   -0.8006    4.8556   11.4434    4.4532
   -0.8006    4.8556   11.4435    4.4529
   -0.8005    4.8556   11.4433    4.4530
   -0.4540    5.2660    9.9011    4.9390
   -1.4041    4.8689    8.5285   10.0190
   -0.8014    4.8556   11.4434    4.4530
   -0.8006    4.8556   11.4435    4.4296
   -0.8006    4.8556   11.3709    4.4562
   -1.2875    4.5479   11.3979    4.7232
   -0.8006    4.8418   11.4434    4.4530
   -0.8006    4.8556   11.4429    4.4478
   -0.8006    4.8556   11.4756    4.4529
   -1.2696    5.1021   12.5306    6.2074
   -0.8006    4.8555   11.4434    4.4527
    4.3246    3.6654    8.9083    5.6037
   -0.8006    4.8556   11.4438    4.4516
   -0.8006    4.8556   11.4433    4.4579
   -0.8005    4.8556   11.4434    4.4529
   -0.9005    4.5031   10.6859    4.9691
   -0.8006    4.8556   11.4436    4.4622
    5.2647    4.8235   11.2911    5.9973
   -0.7981    4.2615   11.0442    6.0332
   -1.1654    2.5784   11.2425    4.7488
   -4.3551    5.1700   12.0765    4.1148
   -0.3330    4.4823   10.7820    5.5905
    0.7112    4.8163   12.6366    6.2172
   -0.8006    4.8556   11.4432    4.4495
   -0.8006    4.8556   11.4412    4.4541
    3.9868    4.8597   10.8658    6.6658
   -0.7983    4.8556   11.4436    4.4624
   -0.8006    4.8556   11.4441    4.4530
    7.1410    5.2480   11.7541    3.8763
   -0.8005    4.8556   11.4434    4.3500
   -0.8006    4.8556   11.4518    4.2715
   -0.8014    4.8555   11.3886    4.4530
   -0.2707    4.5276   12.6259    5.8746
   -3.6740    4.8584   11.8565    5.2048
   -0.8006    4.8556   11.4435    4.4528
   -0.8006    4.8555   19.1639    4.4520
   -0.8527    5.9132   11.5289    7.5821
   -0.8006    4.8556   11.4432    4.4424
   -0.8006    4.8556   11.4412    5.4326
   -0.8006    4.8556   11.4434    4.4529
   16.4138    5.1861    9.6642    8.4586
    2.9523    4.8764   12.9749    4.6901
   -0.8006    4.8556   11.4351    4.4524
    7.0788    2.9316   18.6318    2.7260
   -0.8006    4.8556   11.4434    4.4487
   -0.8006    4.8556   11.4446    4.4517
   -0.8006    4.8556   11.4434    4.1282
    3.1691    4.8637    8.3050    5.5278
   -0.8006    4.8556   11.4435    4.4462
   -0.8006    4.8556   11.4432    4.4535
   -0.8011    4.8556   11.4434    4.4529
   -0.8006    4.8557   11.6763    4.4529
   -1.3173    5.3111   10.7975    3.6041
   -0.8006    4.8556   11.4434    4.4531
   -1.4377    5.1111   14.0952    7.1819
   -0.8006    4.8556   11.4433    4.4569
   -0.8006    4.8556   11.7797    4.4559
   -0.9056    5.1250   12.1050    4.6133
   -0.8006    4.8556   11.4380    4.4525
   -0.8006    4.8556   11.4434    4.4532
   -0.9917    5.1819   12.0410    6.1747
   -0.8008    4.8556   11.4305    4.4529
   -0.8006    4.8556   11.4434    4.4526
   -0.8006    4.8556   11.4432    4.8823
   -0.8006    4.8556   11.4410    5.6562
   -0.8006    4.8559   11.4403    5.3737
   -0.8006    4.8556   11.4434    4.4530
   -0.8006    4.8556   11.4434    4.4529
   -0.8443    5.8265   12.5561    4.2609
    5.0108    4.8704   11.4943    3.8515
   -0.9785    5.1176   12.3349    5.4970
   -0.8006    4.8556   11.4435    4.4529
    0.2493    4.9963   12.5850    4.6323
   -1.0910    5.3193   11.2451    5.2024
   -0.8006    4.8556   11.4307    4.4522
   -1.2082    5.0024   17.1071    4.5498
   -0.8006    4.8556   11.4532    4.4519
   -0.7497    3.0815    9.2865    5.1273
    3.7298    1.4641    8.4514    5.5508
    1.8298    4.9234    8.8844    3.9646
   -0.8006    4.8552   11.4434    4.4522
   -1.0944    5.3787   11.0368    5.6147
   -0.8006    4.8556   11.3745    4.4313
   -0.9478    4.3844    9.3143    5.1355
   -0.8006    4.8490   11.4434    4.4530
   -0.7935    5.1233   10.0818    6.0117
   -0.8867    5.1357   11.0567    5.1654
   -0.7994    4.8556   11.4434    4.5832
   -0.9091    3.0467   12.4639    5.9123
   -0.8006    4.8556   11.4434    4.4531
   -0.8006    4.8672   11.4434    4.4529
    4.5140    4.5896   14.3182    4.4671
   -0.8006    4.8556   11.4429    4.4535
   -0.8006    4.8556   11.4340    4.4635
    3.7403    5.3403   14.6735    5.3933
   -0.8006    4.8556   11.4434    4.4529
   -1.1695    5.2934   12.6565    4.9947
   -0.8006    4.8557   11.4435    4.4529
   -0.8007    4.8556   11.4434    4.4529
   -0.8006    4.8556   10.5790    4.4528
   -0.8006    4.8556   11.4432    4.5299
   -0.8006    4.8556   11.4434    4.4563
   -1.7469    4.8608   10.2610    4.1367
   -0.8006    4.8556   11.4399    4.3987
   -0.8000    5.8355   11.0624    4.2877
    1.0709    4.8628   10.9508    4.7720
   -0.8006    4.8556   11.4870    4.4439
   -0.8006    4.8556   11.4435    4.4534
   -0.8574    5.2420   12.1735    4.4544
   -0.7168    5.2820   11.8379    6.5964
    7.7416    5.1193   11.5883    3.7754
   -1.6969    4.8601   10.7447    4.4521
   -0.7892    5.7830   10.7985    8.2135
   -0.2068    3.7640   23.1732    6.6427
   -0.8006    4.8556   11.4433    4.4526
   -0.8006    4.8556   11.4433    4.4069
   -0.8006    4.8523   11.4218    4.4531
   -0.8006    4.8556   11.4441    4.4534
   -0.8006    4.8556   11.4434    4.3700
    2.1767    4.9596   11.7147    4.1575
   -1.1017    5.1007   11.0193    4.5974
    5.6570    1.7639    7.9456    5.0461
   -0.8006    4.8557   11.4433    4.4529
   -0.8006    4.8556   11.4900    4.4370
   -3.9580    2.0375   11.9041    6.3212
   -1.2126    4.9424   11.3084    5.7883
   -0.8006    4.8556   11.4434    4.6244
   -3.8984    5.2219    8.2560    5.5856
   -0.8015    4.8556   11.4435    4.4519
   -0.8006    4.8556   11.4474    4.4396
   -0.8007    4.8556   11.4444    4.4551
   -0.3684    5.1675   11.8178    7.8734
   -0.8006    4.8556   11.4433    4.4538
   -0.8005    4.8556   11.3972    4.4560
   -0.8006    4.8556   11.4430    4.4500
    0.0935    4.6124   12.5338    5.9374
    6.1106    4.8557   11.4529    4.0534
   -1.1831    2.7414   14.4569    4.4082
   15.9968    5.1507   12.2699    5.8783
    3.9259    5.0620   11.2408    4.2781
   -0.8006    4.8556   11.4436    4.4453
   -0.8006    4.8556   11.4436    4.4949
   -0.8006    4.8556   11.4432    4.4530
   -0.7915    4.8581   11.4433    6.3972
   -1.3554    4.8541   12.4571    4.4325
   -0.7868    5.9665   11.3052    4.8595
   -0.8006    4.8556   11.4438   11.6564
   -0.8006    4.8556   11.3451    4.4708
   -0.8006    4.8556   11.4433    4.5019
   -1.2116    5.0296   10.2708    5.1938
    2.3417    4.7325    9.6486    5.1960
   -4.0027    5.1133   12.1043    6.6249
   -0.8006    4.8556   11.4435    4.4529
   -3.8817    5.0027   11.3755    4.2295
   -1.1286    5.1415    9.8868    4.6558
   -1.0134    6.4238   11.7683    4.6378
   -0.7942    3.3279   10.0472    8.0824
    4.7736    9.7057   14.5281    4.4702
   -0.8006    4.8556   11.4503    4.4482
   -0.7988    4.4825   11.2741    4.8860
    0.0695    4.8767   11.1941    6.9573
   -0.1463    4.5763   11.4432    4.8438
   -0.8006    4.8556   11.5190    4.5551
   -0.8006    4.8556   11.4434    4.4543
   -0.8006    4.8556   11.4449    4.4544
   -1.0963    5.2943   11.3898    6.4759
   18.2084    5.3349    8.7099    4.0710
   -1.0054    5.3691    9.8771    6.0908
   -0.8005    4.8567   11.4434    4.4530
   -1.2300    5.0628   12.8547    4.6385
   -1.0103   11.8778    7.5398    4.7286
   -0.8006    4.8556   11.4477    4.5319
    3.3506    4.8103   12.2317    5.3988
   -0.7951    5.9218    8.4528    4.8354
   -0.8006    4.8556   11.4442    4.4530
   -1.4895    4.8569   11.5929    3.7463
   16.2540    4.8684   10.6037    4.5705
   -0.6176    5.1519   12.3235    6.1234
    1.5646    5.2421   11.7815    5.7483
    2.0455    4.8384   11.3319    5.5521
   -0.8006    4.8556   11.4437    5.7039
   -1.2778    4.4801   10.9708    6.3956
    3.2136    4.2714   11.2099    6.9555
   -0.8006    4.8556   11.4125    4.4743
   -0.8006    4.8554   11.4433    4.4478
   -0.8006    4.8556   11.4434    4.4533
   -0.6191    5.3009   11.8272    4.7835
   -0.8006    4.8555   11.4432    4.4452
   -4.5315    4.8347   12.2623    5.8150
   -1.0699    5.1804    9.8222    4.3042
   -1.1793    3.7878   10.9861    7.5542
   -0.8006    4.8556   11.4424    4.4461
   -0.8006    4.8556   18.0456    4.4529
   -0.8063    5.7908   11.2912    4.4622
   -0.8006    4.8556   11.4432    4.4523
   -4.5899    4.9204   10.1262    4.0702
    3.8710    4.9283   12.2838    4.6340
   -0.0239    1.6647   10.8182    5.5405
   -0.8006    4.8556   11.4434    4.4529
   -0.8006    4.8556   11.4428    4.4530
    1.6220    5.2933   10.7813    5.1694
   14.7898    4.8551    8.7725    4.7151
   -1.6199    4.8143   11.8045    4.4092
   -1.3225    5.1754   11.6677    4.3231
   -0.8006    4.8556   11.3206    4.4500
   -0.8006    4.8556   11.4427    4.4531
   -0.8006    4.8556   11.3984    4.4557
   -0.8006    4.8556   11.4438    4.4523
   -0.8006    4.8556    8.9713    4.4530
   -0.8006    4.8556   11.4434    4.4528
   -4.0708    5.3328   12.4335    6.8034
   -0.8006    4.8556   11.4434    4.4502
   -0.8006    4.8556   11.4432    4.4683
   19.8644    4.9264   11.6228    6.2149
   -0.5240    4.5124   10.5962    4.4640
   -0.8006    4.8556   11.4432    4.4529
   -0.8006    4.8556   11.4508    4.4550
   -1.0579    5.1297   10.1447    5.4791
    0.1713    4.8704   10.8744    5.0669
   -0.8006    4.8556   11.5139    4.4528
   -0.5557    5.1500   11.7897    5.3634
    3.2994    4.7659    9.7419    5.2123
   -0.9354    3.0793    9.1478    5.6076
    2.1742    5.3532   12.4913    6.5611
    0.0435    4.8227   11.5245    3.6989
   -0.8006    4.8556   11.4434    4.3761
    3.4136    4.8886   11.6476    6.1508
   -0.8006    4.8557   11.4431    4.4456
   -0.8006    4.8556   11.4434    4.4544
    4.5319    4.8406   12.3701    7.0766
    4.0358    3.9701   11.8756    5.8427
   -1.4435    4.8547   11.4556   10.6579
   -0.8006    4.8556   11.4432    4.4475
   -0.8006    4.8556   11.4434    4.4485
    2.7517    4.8586   10.1656    8.0625
    5.2372    4.8927   10.8966    5.9977
   -0.8006    4.8556   11.4434    4.4530
   -0.8006    4.8556   11.4434    4.4521
   -3.5523    4.6658    8.1246    5.3491
   -0.8006    4.8557   11.2560    3.9671
   -0.8006    4.8556   11.4434    4.4544
   -1.1880    5.1541   11.5161    7.4430
   -1.1350    5.2867   10.7284    9.5111
   -1.0538    4.5107   10.8433    5.2130
   -0.8157    7.8958   14.0579    4.3519
   -0.8006    4.8556   11.4434    4.4532
   -0.8006    4.8556   12.1207    4.4415
   -0.8006    4.8556   11.4433    4.4529
   -0.8006    4.8556   11.4426    4.4557
    0.5192    5.3891   11.8409    4.6911
   -1.3676    3.4745   16.4232    4.5650
    9.8940    5.2127   12.1326    6.4666
   -0.8006    4.8556   11.4433    4.3905
   -0.8006    4.8556   11.4435    4.4607
   -0.8006    4.8556   11.4441    4.2535
    3.7757    5.0135   11.5293    5.4102
   -0.8006    4.8556   11.4435    4.4536
   -1.1064    5.1859   12.7052    4.6201
   -0.7791    3.9491   11.1928    5.6128
    0.9131    4.8542   10.6506    5.3507
   -0.8006    4.8556   11.4433    4.4529
    3.9532    4.8772   10.5755    5.0931
   -0.8006    4.8482   11.4430    4.4697
   -1.0314    4.1027   12.7876    8.8448
   -0.9481    5.2528   11.2427    4.1748
   -0.8004    4.8556   11.4434    4.4240
   -0.4223    6.5945   10.7932    5.2650
   -0.8006    4.8556   11.4433    4.4533
   -0.8006    4.8556   11.4435    4.4847
   -0.8006    4.8556   11.3854    4.4476
   -0.8006    4.8556   11.4425    4.4032
   -0.9443    4.4866   16.0845    4.0867
   -0.8006    4.8556   11.4434    4.4532
   -1.0229    5.2377   12.1043    4.4539
   -0.8006    4.8294   11.4434    4.4529
   -0.8168    4.1680   13.2279    4.2508
   -0.8006    4.8556   11.4434    4.4573
    2.6463    5.2815   11.6610    4.6902
   -0.8006    4.8556   15.3859    4.4547
   -0.8006    4.8556   11.4441    4.4509
   -0.8191    4.8606   11.4434    4.4529
   -0.8006    4.8556   11.4435    4.3757
   -0.8006    4.8556   11.4265    4.4909
   -1.1667    5.3215   11.4273    4.1961
   -0.8006    4.8556   11.4416    4.4530
   -0.9976    5.3620   11.0968    5.4577
   -0.7565    4.3618   11.2998    4.2872
    1.1116    5.2122   12.0649    4.9315
    3.5857    4.8559   15.1709    6.2500
   -0.8006    4.8556   11.4433    4.4581
   -0.8868    5.4677   11.7004    6.0128
   -0.8006    4.8556   11.4469    4.4529
   -0.8605    5.3958   10.6173    6.1563
   -0.8005    4.8556   11.4434    4.4269
   -1.4642    5.1633   10.0819    4.6533
   -4.9480    4.3588   11.4430    6.3393
   -0.5700    4.4736   11.3402    5.7298
   -2.9116    5.2970   11.0791    5.7312
   -1.6894    4.8651   11.8710    3.3983
   -2.6758    4.7465   10.1298    5.0104
    0.9147    4.8608   10.2667    4.0117
    9.9503    5.2233   10.6233    5.9980
   -0.8006    4.8556   11.4434    4.3871
   -1.1826    4.4425   11.1476    6.0476
   -0.8006    4.8556   11.4434    4.4575
   -4.4317    5.3901    6.7701    5.7589
   -0.8006    4.8555   11.4434    4.4505
   -0.8006    4.8556   11.4437    4.4544
   -0.8004    4.8556   11.4434    4.4565
   -0.4976    5.1935   13.3982    4.7268
   -0.8008    4.8559   11.4434    4.4529
   -0.8006    4.8556   11.4434    4.4530
   -0.7820    5.7987   11.6868    5.7476
   -0.8005    4.8556   11.4442    4.4543
   -1.5966    4.8901   11.5714    4.7090
   -1.3084    5.2067   11.7572    4.0674
   -0.8010    4.8561   11.4434    4.4529
   -0.8007    4.8556   11.4434    4.4529
   -0.8006    4.8556   11.4438    4.4546
   -0.8006    4.8556   11.2727    4.4529
   -0.8006    4.8556   11.4432    4.4538
    2.1544    7.0686   15.2086    4.4507
   -0.7762    2.0480    8.9455    6.0143
   -0.8026    3.1615   11.3648    5.3344
   -0.8006    4.8556   11.4442    4.4109
    3.6176    5.4143   10.7324    4.7790
    3.5414    4.8637   10.9452    6.8115
   -0.8006    4.8556   11.4459    4.4488
    1.2875    4.9971   10.9095    5.4945
   -0.7907    6.5938   10.2993    6.1902
   -0.8006    4.8556   11.4446    4.3488
    0.0350    4.8369   10.8505    5.7176
   -0.8006    4.8556   11.4435    4.4544
   -0.5538    4.4468   10.3293    6.2900
   -1.0272    5.0805   12.2851    3.2637
    8.4322    5.0480   11.5595    4.1015
    2.6646    4.8590   12.0499    2.3564
   -0.7996    6.9972   11.2559    4.2265
   -0.8003    4.8554   11.4434    4.4498
   -0.8348    5.2812   10.4825    3.3086
   -0.8005    4.8556   11.4434    4.4529
   -1.3993    5.9096   11.8326    4.6659
   -0.8006    4.8556   11.4428    4.4529
   -0.8113    4.1811   10.0836    5.8058
   -1.2000    5.2299   12.0718    6.5850
   -1.4581    4.8230   10.8548    6.1184
   -0.8006    4.8556   11.4433    4.4542
   -0.8006    4.8556   11.4433    4.3552
   -0.8006    4.8556   11.3992    4.4554
   -0.8006    4.8556   11.4434    4.5776
    2.3662    5.7714   16.1960    4.4578
   -0.4355   10.3284   12.0971    5.6887
   -1.0068    5.3441   12.5914    5.2684
    2.8509    5.2660   11.4180    7.8206
   -4.4890    5.0474   11.5244    4.9776
   -1.0896   10.3790   12.8499    6.3743
   -0.8206    5.2820   10.1179    4.9132
   -1.0139    3.4595   11.4111    6.2181
   -1.1324    5.3242   12.3381    6.4206
    4.0295    0.5249    6.5068    4.6990
   -1.4495    4.8567   11.7369    5.6081
   -0.8006    4.8556   11.4498    4.4003
    2.1345    3.9860   11.2544    5.5255
   -0.7624    5.0802   11.7770    7.1823
   -0.8006    4.8556   11.4422    4.4406
   -0.9597    5.2391   11.9144    4.0633
   -0.8006    4.8556   11.4433    4.4275
    1.5355    5.3522   12.7717    6.5452
   -0.8070    5.8648   11.2869    5.1535
   -0.8006    4.8556   11.4432    4.4522
   -0.8006    4.8556   11.4434    4.4542
    7.8214    5.3940   12.8546    5.3061
   -0.8221    3.9918   12.4981    6.5119
   -0.8006    4.8556   11.3640    4.4226
    2.2794    4.8858   12.0770    3.5619
   -0.7758    5.8803   11.4569   11.3214
   -4.0129    5.1352   11.3742    4.5973
   -0.8006    4.8556   11.4462    4.4571
   -1.0570    5.0238    9.8331    4.7232
   -0.8006    4.8556   11.4434    4.3903
   -1.6248    5.8210   10.4484    4.9106
   -0.8006    4.8556   11.4415    4.4486
   -0.8006    4.8556   11.4435    4.4528
   -1.6862    1.1027    7.0568    4.8776
   -0.9774    5.2373   11.0685    3.6034
   -1.0025    5.3207   10.8776    4.5671
   -0.9776    5.4121   11.0607    5.1591
   -0.6712    5.1777   10.6550    6.5162
   -0.8006    4.8556   11.4435    4.5123
   -0.8006    4.8556   11.4382    4.4528
   -0.8007    4.8556   11.4179    4.4103
    2.7539    2.4467   14.0505    6.6811
   -0.8006    4.8558   11.4447    4.5729
   -0.8006    4.8593   11.4434    4.4530
   -0.8006    4.8556   11.4426    4.7254
   -0.8255    4.2051   19.0465    3.3511
   -4.7491    5.1009   10.5494    7.8467
    3.3736    5.9739   10.3525    6.1545
   -0.8953    4.0296   11.0414    5.0150
   -0.8006    4.8556   11.4434    4.4532
   -0.8006    4.8556   11.4347    4.4579
   -0.8006    4.8556   11.4433    4.4565
    3.2122    4.8486   12.3703    4.0812
   -0.8006    4.8545   11.4434    4.4533
   -0.8006    4.8556   11.4433    4.4524
   -0.8006    4.8568   11.4434    4.4529
   -0.8006    4.8556   11.5518    4.4551
   -0.8006    4.8556   11.4434    4.4450
   -0.8001    4.8556   11.4434    4.4344
   -0.8006    4.8556   11.4438    4.4529
   -0.8006    4.8560   11.4604    4.4530
   -0.8006    4.8556   11.4433    4.4541
   -0.8006    4.8556   11.4432    4.4488
   -0.8006    4.8556   11.4434    4.4631
    2.4477    4.9101   11.3245    4.8986
   -0.8006    4.8556   11.4433    4.6614
   -0.8006    4.8560   11.4434    4.4530
   -0.8006    4.8556   11.4437    4.4532
   -0.8006    4.8556   11.4434    4.4529
   -0.8006    4.8556   11.4499    4.4566
   -0.8006    4.8556   11.4434    4.4526
   -0.8006    4.8556   11.4403    4.4437
   -0.3175    5.1705   10.8773    4.6699
   -0.8006    4.8556   11.4434    4.4529
   -1.3415    4.8060   11.5629    5.8759
    0.4512    3.4969   15.6639    5.2035
   -1.2747    4.3654   12.7297    4.2229
    2.5742    4.5420   13.4379    5.6404
   -2.5698    3.2181    8.5653    4.9773
   10.8038    4.9052   11.2900    8.1135
   -0.8461    4.8556   11.4433    4.4520
   -0.4772    5.2191   11.7495    5.7181
   -0.8006    4.8556   11.4015    4.4521
   -0.8006    4.8556   11.4433    4.4523
   -0.7117    5.1060   12.8287    5.8996
   -0.8006    4.8556   11.4434    4.4062
   -0.8006    4.8556   11.4552    4.4256
   -0.8006    4.8556   10.1407    4.4572
   -0.4777    4.3929    9.9427    5.1466
   -0.8006    4.8556   11.4410    4.4509
   -0.7934    3.9838   11.4071    4.0295
   -0.7521    5.8113   11.4077    4.2068
   -2.1727    5.3189   11.4542    4.3674
   -2.5848    5.1716   12.3321    5.2170
   -0.8006    4.8555   11.4440    4.4292
   -0.8006    4.8556   11.4488    4.4739
   -0.8006    4.8556   11.4434    4.5077
   -1.0341    5.2734   10.4316    4.8695
   -0.8006    4.8556   11.4413    4.4515
   -0.8006    4.8556   11.4438    4.4675
   -0.8006    4.8556   11.4435    4.4520
   10.1169    4.8662   11.2873    4.0172
   -0.8006    4.8556   11.4431    4.4549
   -0.8006    4.8556   11.4434    4.4468
   -0.8006    4.8556   11.4434    4.4584
   -0.8006    4.8556   11.4438    3.5403
   -0.8006    4.8556   11.5177    4.4908
   -1.1017    3.4437   11.1354    4.1746
   -0.8006    4.8556   11.4442    4.4658
   -0.8012    4.8556   11.4429    4.4529
   -0.8006    4.8556   14.4438    4.4512
   -0.6470    5.1747   17.0976    4.6646
    2.9121    4.8557   10.2259    4.0594
   -0.8006    4.8556   11.4434    4.4529
    1.9928    5.3899   10.5535    6.4152
   -0.8005    4.8556   11.4435    4.3339
    2.0232    4.8761   10.5789    7.6775
   -1.0481    5.2069   10.2685    4.0868
    5.8746    4.0724   11.7858    7.5061
   -0.8006    4.8556   11.4432    4.4529
    4.0496    4.9972   12.6795    5.1564
   -0.8006    4.8556   11.4434    4.4606
   -0.8006    4.8556   11.4690    4.4531
   -0.8006    4.8556   11.4434    5.4043
   -0.8082    5.7569    9.9332    4.9931
   -0.8006    4.8556   11.4428    4.4566
   -0.8006    4.8556   12.0387    4.4534
    0.5780    0.9482   17.7496    6.1246
   -0.8006    4.8556   11.4433    4.4465
   11.3204    4.8691   11.2019    5.6611
   -0.8006    4.8556   11.4436    4.4590
   -0.8006    4.8556   11.4436    4.4837
   -0.8006    4.8556   11.4434    4.4550
   -0.7993    4.8556   11.4434    4.4528
   -1.7949    4.8534   11.1249    6.4439
   -1.5344    4.8406   12.0005    5.5924
   -0.8006    4.8556   11.4434    4.4528
   -0.7859    3.1427   11.1714    5.1773
   -0.8503    4.1886   11.5278    4.5176
   -0.8006    4.8556   11.4434    4.4528
   -0.8006    4.8556   11.4534    4.4528
   -0.8006    4.8556   11.4433    4.4517
    5.0349    4.7735   11.9247    4.4880
   -3.6724    2.4168   13.6586    2.2835
   -0.8006    4.8556   11.4510    4.4530
    4.7717    4.8459   10.8216    5.9892
   -0.8006    4.8552   11.5447    4.3373
   -1.0808    5.2362   11.4388    4.6434
   -0.8946    5.1260    9.3003    6.3771
   -0.8014    4.8556   11.4434    4.4531
   -0.8006    4.8556   11.4437    4.4597
   -0.8006    4.8556   11.4433    4.4571
   -0.8006    4.8556   11.4431    4.3767
   -1.3508    5.1469   10.9460    3.6821
    4.3724    4.8739   11.7053    8.9308
   -1.7329    4.8964   10.4892    7.1263
   -0.8006    4.8556   11.4434    4.4529
   -0.8006    4.8556   11.4434    4.4537
   -0.8006    4.8556   11.4431    6.9282
   -0.8006    4.8556   11.4432    4.4531
    1.2190    5.2103   12.3773    4.6175
   -1.0397    6.4811   11.4888    7.4888
    2.6525    5.9975   12.1228    8.0692
   -0.8006    4.8556   10.8786    4.4507
   -1.1668    4.1558   10.8541    4.3634
   -0.8006    4.8556   11.4434    4.4535
   -0.8006    4.8556   11.4433    4.4377
   -0.8006    4.8556   11.4435    4.3995
   -0.8006    4.8556    9.4480    4.4550
   -0.8006    4.8556   11.4433    4.4689
   -0.7815    4.0668   10.0736    5.3555
   -0.8011    4.8555   11.4435    4.4529
   -1.6419    4.8385    8.1604    5.6471
   -0.8005    4.8556   11.4432    4.4550
   -1.2809    5.2249   11.4862    4.4678
   -1.5786    4.9224   12.0123    5.5611
   -0.8027    5.7831   11.1477    4.4509
   -1.3583    4.9639   11.2195    4.3645
   -0.8006    4.8556   11.3693    4.4532
   -0.8002    4.8556   11.4433    4.4529
   -0.8006    4.8556   11.4858    4.4530
   -0.8006    4.8556   11.4435    4.4955
   -0.8006    4.8556   11.4560    4.4502
   -0.8006    4.8556   11.4434    4.4552
   -0.8006    4.8556   11.4871    4.8122
   18.3968    4.7569   11.9539    5.0973
   -0.6411    5.2244   11.0062    6.6128
    4.4212    3.4185    9.9283    5.7539
   -0.8006    4.8556   11.4424    4.4529
   -0.8006    4.8556   11.4437    4.4523
   -0.8006    4.8556   11.4435    4.4520
   -0.8006    4.8556   11.4391    4.3093
   -0.8011    4.8556   11.4434    4.4529
   -0.8006    4.8556   11.4433    4.4524
   -0.8006    4.8556   11.4435    4.4530
   -0.8364    5.7710   11.2628    5.1719
   -0.8006    4.8556   11.4434    4.4541
   -0.7501    5.4752    9.9195    4.2385
   -0.8006    4.8556   11.4432    4.4535
   -1.0374    5.2216   12.2186    4.8703
    9.2546    4.8868   11.6286    3.6610
   -1.7914    4.8529   11.4364    4.2789
   -1.0210    5.1614   12.0782    4.0109
   -0.8006    4.8556   11.4428    4.4529
    4.3538    4.8643   10.3267    3.2655
   -3.4170    5.0598    8.7712    4.9162
   -0.8006    4.8556   11.4432    4.4523
    7.5425    4.8966   11.6147    4.4098
   -0.8006    4.8556   11.4438    4.4503
   -4.8456    4.8892   14.2455    5.3133
   -0.8006    4.8556   11.4273    4.4576
   -0.8006    4.8556   11.4433    4.4410
   -0.8006    4.8556   11.4472    4.4572
    2.3219    4.9292    9.7718    5.7322
   -0.8006    4.8556   11.4436    4.4557
   -4.6818    5.3813   11.2839    6.5081
   -0.8006    4.8556   11.4480    4.4560
   -0.8006    4.8556   11.4314    4.4496
   -1.6292    4.8984   10.3129    6.6150
   -0.8006    4.8556   11.4435    4.4531
    0.9785    4.8934    9.9344    5.4700
   16.4215    4.8949   12.3564    5.5017
   -0.8009    4.8556   11.4434    4.5086
   -2.7415    5.0209   12.1754    5.1742
   -0.8006    4.8556   11.4434    4.4546
    6.5250    4.8475   14.1493    4.4174
    0.8042    4.8557   11.3712    4.1008
   -0.6068    5.3070   11.9010    6.4679
   -3.9252    5.3326   11.4463    6.3186
   -0.8006    4.8556   11.4510    4.4529
   -0.5241    5.3538   12.1477    3.4884
   -0.8867   10.8538   12.1772    6.1688
   -0.8006    4.8556   11.4440    4.4369
   -0.7943    5.7660   11.3952    6.1396
   -0.8006    4.8556   11.4433    4.4527
   -1.2011    5.1743   11.4912    4.3038
    3.9452    5.9172   14.0681    4.4560
   -0.8006    4.8556   11.4434    4.4537
    3.2187    4.8220   11.7016    4.4798
   -0.8865    5.2226   10.5987    5.2268
   -0.8006    4.8556   11.4433    4.4666
   -0.8006    4.8556   11.4432    4.4524
   -3.8404    5.0792   12.7945    4.9919
   -0.8006    4.8556   11.4433    4.4552
   -0.7998    4.8557   11.4375    4.6129
   -0.8006    4.8556   11.4433    4.4550
   -0.8006    4.8556   11.0748    4.5529
   -0.8006    4.8556   11.4847    4.3946
   -0.8006    4.8556   11.4436    4.5265
   -0.8006    4.8556   11.4434    4.4398
   -0.7997    4.8556   11.4434    4.4529
   -0.9058    5.2462   11.2583    4.1156
   -0.8006    4.8556   11.4193    4.4583
    4.3807    4.8539   11.6899    4.9544
   -0.8006    4.8556   11.4397    4.4745
   -0.8006    4.8556   11.4434    4.7756
   -0.8006    4.8556   11.4434    4.5833
   -0.8006    4.8556   11.4435    4.4529
   -0.8006    4.8556   11.5047    4.5275
   -0.8006    4.8556   11.4396    4.3731
   -0.4606    5.0646    8.3362    5.7854
   -0.8006    4.8556   11.4434    4.4484
    4.8795    4.8575   12.2580    3.8080
   -0.8041    4.8556   11.4320    4.4529
   -0.8006    4.8556   11.3231    4.4543
   -0.8006    4.8556   11.4434    4.4529
   -0.4161    5.3184   11.2066    4.5338
   -2.5887    5.2200   10.8757    6.4511
   -0.8006    4.8556   11.4437    4.4739
   -4.7211    5.0985   12.5280    5.0866
   -0.9487    5.5296   11.3530    4.3065
   -0.8006    4.8556   11.4705    4.4430
   -0.8004    4.8556   11.4428    4.4529
   -3.6194    4.8807    9.4975    4.5332
   -1.1132    4.4823   10.3481    4.1292
   -0.8006    4.8556   11.4439    4.4539
   -0.8457    5.1877   11.8991    4.9075
   -0.8006    4.8556   11.4440    4.4351
   11.1848    4.8556   10.8785    4.0483
   -0.8006    4.8556   11.4437    4.4546
   -1.2084    5.3324   10.5684    4.8439
   -0.7964    3.9264   13.1908    3.9769
   -0.8006    4.8556   11.4555    5.7304
   -0.6278    5.2386   11.2787    4.1635
   -0.8006    4.8556   11.4428    4.4533
   -1.8658    5.8060   11.7575    4.8747
   -1.5558    4.8259   12.5922    4.3284
    0.1132    4.8567   10.3823    3.8876
   -2.5683    4.8944   12.5396    5.7837
    3.4892    1.6417    6.0642    6.8244
   -0.3844    5.1366    9.4736    5.1532
    7.2796    4.8297   11.4111    5.2272
   -2.8472    5.1842   12.1003    5.5477
   -0.9940    5.3303   11.6833    6.2766
   -0.8006    4.8556   11.4433    4.4532
   -1.1047    5.2942   12.3398    3.7315
    4.4021    4.3437   12.1451    4.7216
   -0.7022    4.4127   12.3314    3.4852
   -0.8006    4.8556   11.4435    4.4538
   -1.3778    4.7627   11.2708    6.1387
   -0.8006    4.8556   11.4536    4.4538
   -0.8023    4.8556   11.4391    4.4534
   -0.8006    4.8556   11.4434    4.4532
   -0.8006    4.8556   11.4420    4.4518
    9.7518    4.8639   10.9359    4.8115
   -0.7998    4.8556   11.4434    4.4522
   -0.2890    5.2476   11.1300    5.6429
   -0.8057    3.9242   14.6394    3.9734
   -0.8006    4.8601   11.4433    4.4530
    5.1511    4.8433   11.8771    5.7501
   -0.8655    5.7139   12.0289    6.3833
   -0.8006    4.8561   11.4433    4.4528
   -1.8838    4.8625   11.7310    4.4260
   -0.3621    4.9448   11.3708    6.8340
   -0.8264    6.0093   10.6955    4.4964
   -0.7861    7.9093   11.8661    4.4516
   -1.0154    5.2221   11.5393    4.8814
   -6.5181    5.1488   12.6426    4.6098
   -3.9509    5.0851   12.1313    6.1092
   -0.8006    4.8556   10.8986    4.4535
   -0.8006    4.8556   11.4433    4.4532
   -1.0580    5.2127   11.9376    5.5213
   -0.8006    4.8556   11.4433    4.4264
   -0.7939    6.0050   11.9796    3.9323
   -0.8006    4.8556   11.4434    4.4529
   -0.8006    4.8556   11.4440    4.4529
    2.4735    4.9117   12.8522    4.6923
   -1.2602    5.1665   11.4079    5.5668
   -0.8006    4.8556   11.4439    4.3662
   -0.8006    4.8556   11.4434    4.4533
   -0.4957    5.0964   15.4119    5.5522
    0.5321    5.0814   12.2547    6.9964
   -0.8006    4.8556   11.4433    4.7280
   -0.4635    5.2162   10.4952    5.8921
   -0.8006    4.8409   11.4432    4.4519
   -0.8006    4.8556   11.4434    4.4549
   -1.7915    4.9088   11.4171    4.7948
   -1.1932    3.3324   10.3008    5.6439
   -1.0414    4.2017   11.4793    4.4934
   -0.8006    4.8556   11.4405    4.4529
   -1.0351    4.4463   10.1290    5.7910
   -0.8006    4.8556   11.4316    4.4476
   -0.8004    4.8556   11.4434    4.4530
   -0.8006    4.8556   10.9243    4.4530
    5.1302    4.7943   11.4812    4.2299
   -0.7871    3.9487   11.8241    4.2933
   -1.5537    4.8556   11.6849    8.6026
   -0.8006    4.8557   11.4432    4.4516
   -0.8010    4.8548   11.4434    4.5673
    1.6271    5.0097   11.7702    4.6610
   -1.0766    4.3910   10.7461    3.7580
   -0.8006    4.8556   11.4438    4.4503
   -0.8006    4.8556   11.4434    4.4570
    2.7270    4.8435   10.8951    4.9742
    2.0294    4.8663   11.0280    5.5667
   -0.5056    5.2286   11.0388    5.7727
   -0.4480    5.1549    7.0840    3.8555
   -0.8006    4.8556   11.4407    4.9133
   -1.0942    5.3709   10.7403    5.3314
   -0.8006    4.8556   11.4434    4.4534
   18.6460    4.7439    9.7542    4.7890
   -0.8006    4.8556   11.4441    4.4017
   -0.8006    4.8556   11.4436    4.3807
   -0.8728    4.5588   10.5851    4.9079
   -1.2595    5.1376   11.7442    5.0529
   -0.8006    4.8556   11.4436    4.4803
   -0.8006    4.8556   11.4433    4.4529
   -0.8006    4.8556   11.4451    9.8662
   -0.8006    4.8556   11.4434    4.4556
   -0.8006    4.8556   11.4434    4.4532
    2.1972    4.9313   16.3720    6.8451
   -0.8006    4.8556   11.4434    4.4438
   -0.8006    4.8556   11.4435    5.7597
   -2.4406    5.2126    9.2593    8.5328
    9.6364    5.2348   11.4490    5.7023
   -0.8006    4.8556   11.4434    4.4426
   -1.1637    5.0790   11.6517    6.7051
   -0.8006    4.8556   11.4434    4.4683
   -1.3167    4.5217   13.2710    5.3263
   -0.8006    4.8556   11.3407    4.4511
   -0.8006    4.8556   11.4434    4.4599
    0.9857    4.8797   10.9414    7.2731
   -0.8006    4.8556   11.4434    4.4548
   -1.1001    4.3637   11.5626    5.6345
   -0.8013    7.0935   11.4695    4.1695
   -1.3108    5.0430   11.8129    5.8195
    3.0884    3.9839   11.5171    5.1115
   -0.8006    4.8556   11.4434    4.4533
   -0.8006    4.8556   11.4435    4.4543
   -1.6976    4.8572   11.3783    6.4121
   -0.8006    4.8529   11.4436    4.3946
   -0.8006    4.8556   11.4422    4.4419
   -1.5381    4.8468   10.9391    4.6396
    1.8248    4.8750   10.8206    5.9992
   -0.8007    4.8556   11.4434    4.4544
   -0.8007    4.8556   11.2729    4.5364
   -0.8006    4.8556   11.4121    4.4517
   -0.8007    4.8556   11.4434    4.4895
   -0.8006    4.8556   11.4415    4.4527
   -0.5152    5.2504   11.5077    4.8910
   -0.8006    4.8556   11.4434    4.4585
   -3.7977    5.2622    9.9114    5.7588
   -0.8021    4.8556   11.4434    4.4529
   -0.8006    4.8556   11.4432    4.4529
   -0.8006    4.8556   11.4444    4.4364
   -1.1202    5.1731   11.8316    4.6643
   -0.8006    4.8556   11.4448    4.4406
   -0.8006    4.8556   11.4434    4.4554
    3.5699    4.9047   10.9840    7.0449
   -0.8006    4.8558   11.4383    4.4529
   -1.0869    4.3809   10.8947    5.3701
   -0.8006    4.8556   11.4432    4.4522
   -0.8006    4.8556   11.4460    4.4530
   -0.8099    5.8848   11.2381    4.4097
   -1.6791    4.8192   12.7953    5.4005
   -1.4261    4.8491   11.6486    6.5030
   -0.8006    4.8556   11.4435    4.4530
   -0.2483    5.1905   13.7578    5.8286
   -0.8006    4.8556   11.4451    4.4528
   -0.8006    4.8556   11.4444    4.4001
   -1.1251    2.5237   11.4967    6.4219
   -0.8006    4.8556   11.6589    4.2547
   -0.7876    3.9072   10.6726    4.4907
   -1.1899    5.2633   10.6590    6.2770
   -0.8006    4.8556   11.4827    4.4693
   -0.8004    4.8556   11.4434    4.6105
   -0.6186    5.2303    7.3645    5.8570
   -0.8006    4.8556   11.4575    4.4495
   -0.8006    4.8556   11.4446    4.4519
   -0.8017    4.8556   11.4434    4.4529
   -0.8006    4.8556   11.2194    4.3579
   10.9009    4.8509   14.3063    4.9541
   -1.1945    5.3073    9.6594    6.1674
   -0.8006    4.8556   11.4456    4.4529
   -1.9415    5.2107   11.6970    4.7288
   -1.4630    4.9220   12.5093    4.6656
   -0.8006    4.8556   11.6671    4.4498
   -1.8528    4.8221   11.7668    3.5074
   -0.8006    4.8556   11.4431    4.4502
   -0.8006    4.8556   11.4434    4.4673
   -0.2238    4.8556   12.0860    4.3807
   -0.8006    4.8556   11.4511    4.4529
   -0.2410    5.1984   10.2145    3.2358
   -0.8006    4.8556   11.4436    4.4540
   -0.8196    8.0562   11.5051    3.7657
   -0.8011    4.8556   11.5001    4.4527
   -0.8006    4.8556   11.4305    4.4224
   -0.8006    4.8556   10.0143    4.4530
    1.7769    5.0220   12.7390    6.9218
   -0.8006    4.8556   11.4428    4.4532
   -0.8006    4.8556   11.4801    4.4097
   -0.8006    4.8556   11.4459    4.4541
   -0.1237    4.8623   10.4939    4.1104
   10.3656    5.9517   11.6468    4.6466
   -0.8006    4.8556   11.4435    4.4506
   -0.3097    5.3403   11.8743    5.0583
   -0.8006    4.8556   11.4441    4.4520
   -5.8147    4.8487   13.7386    6.5014
   -0.9395    5.1611   11.4203    5.9338
    1.9248    4.9645    9.6020    5.1196
    0.3089    5.2260   11.5120   11.0697
   -0.8006    4.8556   11.4434    4.4532
    0.6256    4.8806    8.4130    5.4570
   -0.8006    4.8556   13.9127    4.4596
   -0.8003    4.8556   11.4434    4.4529
   -0.8006    4.8556   11.4194    4.4530
   -0.8006    4.8556   11.4496    4.4529
    3.6286    3.8115   11.3548    6.8218
   -0.7829    4.8556   11.4434    4.4529
   -0.8006    4.8556   11.4433    4.4568
    2.6439    4.8315   11.2186    5.1796
   -0.8006    4.8556   11.4433    4.3398
   -0.8303    5.9873   10.9967    3.6988
   -0.8001    4.8556   11.4434    4.2293
    0.7859    4.8541   11.2840    3.8918
   -1.7691    4.8592   11.5432    2.9382
    1.6148    5.2043   12.4102    4.0685
   -0.5438    6.4976   11.7856    4.5927
   -3.5754    5.1236   12.3888    7.3822
   -0.8006    4.8556   11.4433    4.4510
   -0.8006    4.8556   11.4431    4.4196
   -1.1890    5.0825   12.1003    3.3549
   -0.8006    4.8556   11.4486    4.4541
   -0.8006    4.8556   11.4433    4.4550
   -0.8006    4.8556   11.4431    4.4521
   -0.8140    4.8556   11.4434    4.4440
   -1.4310    4.7894   11.4769    6.1072
   -3.6389    4.9278    4.5904    5.0391
   -1.5856    4.9018   10.4618    4.9989
    4.4951    5.4055   11.2517    6.3441
   -0.5183    4.5099   10.2302    5.3861
   -0.7257    5.8924   11.3418    6.3387
   -0.6862    5.8667   11.9481   10.6396
   -0.8511    5.7514   11.3283    6.2754
   -0.8006    4.8556   11.4434    4.4530
   -0.8006    4.8410   11.4434    4.4529
    2.3546    4.8785   11.3457    3.0366
   -0.8006    4.8556   11.4435    4.3640
   -0.8006    4.8561   11.4434    4.4530
    3.3733    4.8581   10.8292    3.6990
   -0.0026    4.8632   11.0963    4.6274
   -1.5047    4.9619   11.3163    6.6046
    2.1768    5.2270   11.1127    6.0916
   -1.1259    5.2943   12.0974    5.1247
    0.8964    4.8569   11.0543    3.8839
   -0.8006    4.8584   11.6835    4.4530
   -0.8006    4.8556   11.4432    4.4525
   -0.8006    4.8556   11.4211    4.4532
   -0.8006    4.8557   11.4437    4.4538
   -0.5585    5.3685   11.1477    4.7485
   -0.8006    4.8556   11.4423    4.4525
   16.6892    4.8349   10.6301    5.6344
   -0.8006    4.8559   11.4435    4.6690
   -0.8067    4.2874   10.7875    6.1095
   -0.4882    5.2239    9.3375    7.5237
   -0.3674    4.4476   11.9912    4.3323
   -0.8006    4.8556   11.4434    4.4532
   -0.8006    4.8599   11.4433    4.4545
   -1.2742    5.0303   11.8985    4.6830
   -0.8039    4.1543   20.1643    4.3621
   -1.6805    4.8555   10.6979    5.1913
   -0.8006    4.8556   11.4434    4.4522
   -0.4797    2.8507    4.8035    4.9253
    0.6250    3.0549    9.3227    7.0585
   -0.8006    4.8556   11.4434    4.3868
   -0.8006    4.8556   10.8213    4.4528
   -0.8006    4.8556   11.4435    4.3746
   -0.8006    4.8556   11.4436    4.3514
   -0.8006    4.8556   11.4434    4.4530
   -0.7140    5.8819   11.6229    3.8569
   -0.6398    5.1402    9.8719    8.8057
   -0.8008    4.8556   11.4912   -0.2207
   -0.8006    4.8556   11.4433    4.4529
   -0.8415    8.8877   11.5629    5.8113
   17.0218    4.4345    7.0444    6.3999
   -0.8006    4.8556   11.4434    4.4528
   -1.5074    4.8449   10.6206    6.9867
   -4.2508    5.3204   12.6842    5.6933
   -1.4470    5.1354   12.1432    5.5579
   -0.8006    4.8558   11.4434    4.4529
   -0.8006    4.8556   11.4434    4.4555
   -0.8006    4.8556   11.4442    4.4531
   -1.4123   11.4352   13.2571    4.0967
   -1.5942    4.8742   11.1595    5.8488
    3.6914    5.0827   11.2046    5.3671
   -5.4304    5.0924   11.8611    5.0968
    3.2496    5.1049   12.8811    4.7186
   -0.8006    4.8556   11.4439    4.4533
   -0.8006    4.8556   11.4434    4.6202
   -1.0821    5.2694   10.9328    4.4176
   -0.9882    4.0075   11.5598    5.3924
   -1.0937    6.4985   10.3301    4.9031
   -0.5484    5.2001    6.4420    5.3480
   -0.8567    5.1658   12.4421    9.9884
   -0.8008    4.8556   11.4434    4.3629
   -1.1344    5.3780    8.9510    5.1066
    0.1647    4.8485   11.1102    4.8841
   -0.8473    4.4070   10.7741    5.2217
   -0.8006    4.8556   11.4387    4.7244
   -0.8006    4.8556   11.4434    4.8744
   -0.8006    4.8556   11.4439    4.4020
   -0.8001    3.8984   12.1257    6.1877
   -0.8006    4.8556   11.4125    4.4529
   -0.8010    4.8556   11.4434    4.4490
   -0.8006    4.8556   11.4440    4.4559
   -0.8006    4.8556   11.4387    4.4528
   -0.8509    5.8928   11.8393    4.5368
   -1.4070    4.7911   10.9622    4.4077
   -0.8006    4.8554   11.4294    4.4529
   -0.2396    4.3603   11.3880    5.2607
    0.8641    4.8837   13.4359    5.4565
   -0.8006    4.8556   11.4431    4.4529
   -0.8006    4.8556   11.4431    4.4530
    2.7196    5.1155   11.2860    3.5811
   -0.8816    4.1457   11.2299    6.5425
   -0.8006    4.8556   11.4435    4.4519
   -0.8006    4.8556   11.4434    4.4528
   -0.7128    3.3866   10.8657    6.9624
   -0.8006    4.8556   11.4381    4.4529
   -0.8006    4.8556   11.4434    4.3360
   -0.7828    2.0657   18.2279    3.9467
   -0.8105    3.9377   11.3972    4.2930
   -0.8006    4.8556   11.4434    4.5244
   -0.8006    4.8556   11.4431    4.4457
   -2.5002    2.0189   10.1448    9.9153
    2.7900    4.6850   12.1626    4.9856
   -4.9562    4.8047   14.6565    5.1853
    0.9747    4.8462   11.2424    4.4526
    6.9158    3.7834   10.5787    6.0231
   -0.8006    4.8556   11.4434    4.5686
   -0.4451    5.1628   12.1632    5.8617
   -0.8006    4.8556   11.4448    4.4568
   -0.8006    4.8556   11.4434    4.4725
   -0.8006    4.8556   12.2591    4.4529
   -0.4673    5.1255   11.0152    6.1658
   -0.8006    4.8556   11.4426    4.4530
   14.4729    4.8668    9.9859    6.3902
   -0.8005    4.8556   11.4378    4.4533
   -1.2423    5.1801   11.5304    2.4640
    1.1838    4.8583   12.1033    5.2931
   -0.8006    4.8556   11.3332    4.3786
   -0.8006    4.8556   11.4434    4.4531
    0.4277    4.0279   11.6074    4.2382
   16.3154    5.3381    8.1405    7.3447
   -0.3327    6.1551   11.4055   11.8065
   -0.7609    8.9613    8.5382    4.0304
   -0.8006    4.8556   11.4436    4.4529
   -0.8006    4.8556   11.4432    4.4543
   -0.8006    4.8556   11.4433    4.4539
   -0.8006    4.8556   11.4437    4.5488
   -0.8006    4.8556   11.4434    4.4529
   -0.8006    4.8556   11.4434    4.4525
   -1.2097    5.2390   11.2352    6.7319
   -0.3165    5.0041   12.5476    6.6000
   -1.1841    5.1817    9.6590    3.3282
   -0.8006    4.8556   11.4434    4.4212
   -0.7892    5.9258   10.6424    4.9381
   -3.8294    5.2918   11.1752    6.4903
   -1.5119    5.2035   11.7183    4.8898
   -0.8006    4.8556   11.4428    4.4524
   -0.8006    4.8556   11.4433    4.4529
   -0.8006    4.8556   11.4439    4.4525
   -1.2025    5.1625   12.1649    4.6735
   -0.8006    4.8556   11.4434    4.4511
   -0.8007    4.8556   11.4869    4.4588
   -0.8010    4.8556   11.4434    4.4529
   -0.8006    4.8556   11.4434    4.4754
    0.6130    5.2349   10.1533   10.5846
   -0.8006    4.8556   11.4435    4.4561
   -0.8006    4.8559   11.4434    4.4526
   -0.7978    4.8556   11.3867    4.4529
   -0.8006    4.8556   11.4434    4.4492
   -0.8001    4.8556   11.4552    4.4540
   -0.8006    4.8556   11.4434    4.4528
   -1.1295    5.1779   11.1132    5.0419
   -0.3030    5.1843   11.2466    8.1279
   -0.8006    4.8556    9.4433    4.4310
   -0.8006    4.8556   11.4436    4.4522
   -0.7829    4.1667   11.2717    4.9718
   -1.1553    3.8422   12.2775    5.4773
    1.8496    4.8863   10.0586    6.2469
   -0.8006    4.8556   11.4435    4.4534
   -0.8000    4.8556   11.4369    4.3995
   -0.8006    4.8556   11.4434    4.4526
    0.7017    5.1662   12.0939    5.0632
   -0.8022    4.0095   11.5290    3.7232
   -0.8006    4.8556   11.4434    4.4527
   -0.8889    5.2479   10.1632    5.4284
   -1.1598    5.2213   11.1958    4.0010
   -1.7157    4.8555   12.9838    4.8978
   -1.1909    5.3689   10.9966    5.4872
   -0.8006    4.8556   11.4434    4.6577
   -3.7772    4.5480   19.0138    5.7570
   -0.8006    4.8556   11.4435    4.4550
    5.0471    5.1295   11.4302    3.9819
   -0.8006    4.8556   11.4478    4.4552
   -0.5059    5.2230   12.6195    4.2485
   -1.3170    4.9032   10.6964    5.0132
   -0.8009    4.8556   11.4434    4.4530
   -0.8006    4.8556   11.4434    4.6714
    1.4744    4.8766   11.2281    4.4524
   -0.4330    4.4928   11.3817    4.6562
   -4.7065    4.8660   13.8118    5.0867
   -0.8006    4.8556   11.4434    4.4537
   -0.8006    4.8556   11.4433    4.5138
   -0.8006    4.8556   11.4434    4.5056
   -0.1645    5.0424   12.0373    3.1542
   -0.8336    5.6530   10.2631    5.8902
   -1.3288    5.1263   12.9818    5.5064
   -1.5482    4.7500   10.6052    5.3424
   -0.8007    4.8556   11.4434    4.4530
   -1.1212    5.2753   10.8072    5.5831
   -0.1107    4.8780   12.5123    4.6005
   -0.8006    4.8556   11.4434    4.4537
   -0.8006    4.8556   11.4432    4.4749
   -0.8006    4.8556   11.4434    4.4530
   -0.8006    4.8556   11.4434    4.4534
   -0.8006    4.8556   11.4433    4.4529
   -0.7654   16.9880   11.0922    5.8594
   -0.8006    4.8528   11.4441    4.4516
   -0.8006    4.8556   11.4434    4.4237
   -1.1319    5.3115   10.9760    4.2242
    4.5361    5.0651   15.3110    4.9079
   -0.8006    4.8556   11.4437    4.4531
    2.7410    3.2375    9.6788    5.8599
   -0.8006    4.8556   11.4434    4.4533
   -0.8006    4.8556   11.4435    4.4528
   -0.8006    4.8559   11.3124    4.4530
   -0.8091   10.9357   11.6808    5.7001
   -0.6785    5.4705   10.1886    4.4445
   -0.8006    4.8556   11.4433    4.4529
   -0.8006    4.8556   11.4435    4.6529
   -0.8006    4.8556   11.4434    4.4557
   -0.8006    4.8556   11.4435    4.4946
   -4.6978    4.8693   11.1563    7.4752
    3.0661   10.3843    9.5543    7.9575
   -0.8006    4.8556   11.4370    4.4519
   -0.8006    4.8556   11.4434    4.8483
    2.9120    4.8142   11.6516    6.1035
   -0.8006    4.8558   11.4434    4.4529
   -0.8006    4.8556   11.4406    4.7287
   -0.8006    4.8556   11.4434    4.4547
   -0.8006    4.8556   11.4286    4.4524
    4.9420    4.8996   11.3348    5.1573
    1.9361    4.8805   12.6018    7.8248
   -0.8006    4.8556   11.4431    4.4384
   -0.8006    4.8556   11.4468    4.4378
   -0.0109    4.8227    9.5799    4.9218
    4.2338    2.3764   10.1077    4.6252
   -0.8006    4.8556   11.4398    4.4523
   20.4285    5.2152   11.1480    4.4480
   -0.8006    4.8557   11.4435    5.0075
   -0.7967    3.9144   10.5202    4.8513
   -0.6053    4.5342   12.6606    4.1483
   -0.8017    4.8556   11.4419    4.3377
    0.6713    5.1547   10.4758    5.0915
   -2.5312    4.8413   12.2506    4.9563
   -1.1412    3.9575   11.5677    4.9487
    2.6190    4.8516   10.9716    4.6262
   -0.9999    5.1822   11.9178    4.3788
    4.5268   18.0322    6.7731    5.0643
   -0.8006    4.8556   11.4434    4.4529
   -1.6133    4.8315   11.0785    6.1993
   -0.8006    4.8556   11.4425    4.4483
   -0.6339    5.1910   11.1054    6.5265
    2.6611    3.6053   11.9281    5.2240
   -0.8006    4.8556   11.4433    4.4547
    3.0086    4.8281   11.4599    5.0126
    3.0899    3.2234   17.5482    6.5055
   -0.8006    4.8543   11.4452    4.4533
   -0.8006    4.8556   11.4449    4.4521
   -0.8006    4.8556   11.4425    4.4534
   -0.8006    4.8556   11.4541    4.4536
   -0.8039    4.8556   11.4366    4.4529
   -0.8010    1.9395   10.9134    4.6345
    1.8444    5.8877   10.2732    5.7728
   -4.7292    4.9257   11.1915    7.0833
   -0.8004    4.8557   11.4432    4.4545
   -0.8006    4.8558   11.4434    4.3151
   -0.8025    4.8556   11.6274    4.5463
   -0.8006    4.8556   11.4434    4.0287
   -0.8006    4.8556   11.4434    4.4530
   -0.8010    4.8556   11.4421    4.6004
   -0.8006    4.8556   11.4434    4.4529
   -0.8006    4.8556   11.4366    4.4533
   -0.8005    4.8556   11.4317    4.4832
   -0.8006    4.8556   11.4432    4.3846
   -0.8006    4.8556   11.4433    4.4617
    3.0527    5.4100   11.8780    4.1479
   -1.3914    5.2227   10.6347    5.2010
   -0.8006    4.8556   11.4438    4.4529
   -0.8006    4.8556   11.4434    4.4538
   -0.8006    4.8556   11.4439    4.4543
   -0.8006    4.8556   11.4435    4.4848
    2.9130    4.8851   10.5804    4.8296
   -0.7807    5.9099   11.2895    4.0728
    6.3660    4.7675   11.5387    4.6249
   -0.9484    5.0981   10.6491    9.0178
    3.0558    4.9084   10.7889    4.7681
   -0.8051    4.8571   11.4434    4.4535
   -0.8006    4.8556   11.4436    4.4459
   -1.0237    5.2292   15.4494    4.5787
    2.5315    3.5730   12.0111    6.9847
   -0.8006    4.8556   11.4374    4.4517
   -0.8006    4.8556   11.4434    4.4522
   -0.8006    4.8556   11.4433    4.4657
   -1.4314    5.0118    9.7147    4.6944
    0.0113    4.8662   11.2925    4.5308
   -0.8006    4.8556   11.4434    4.4427
   -0.8006    4.8556   11.4435    4.4430
   -0.8006    4.8556   11.4403    4.4525
   -0.8006    4.8556   11.4434    4.4532
   -0.8004    4.8556   11.4435    4.4529
    2.9856    4.9793    8.2138    5.5672
   -0.8006    4.8556   11.4435    4.4506
   -0.8006    4.8556   11.4482    4.4576
    4.8304    4.7795   11.4402    5.0907
    3.6226    4.8667   11.2959    5.7112
   -1.1061    5.1353   10.6222    7.2642
    3.3877    5.0731   14.9442    5.2086
   -0.8006    4.8557   11.4433    4.2867
   -1.6528    5.1454   11.9021    5.3446
   -0.8006    4.8556   11.4432    4.4530
   -0.8006    4.8556   11.4434    4.4530
   -0.8006    4.8556   11.4431    4.4600
   -0.8006    4.8556   11.4432    4.4546
   15.6894    3.8062    9.4319    5.2926
   -0.8006    4.8556   11.4452    4.4548
   -0.8006    4.8556   11.4487    4.4545
    0.0264    4.9363   11.3022    5.8838
   -0.5253    5.4280   12.2708    5.5579
   -0.8013    4.8556   11.4405    4.4617
   -0.8006    4.8556   11.4435    4.4529
   -0.1855    6.0090   11.3112    5.6959
   -1.1915    5.1996   11.2073    6.3350
   -0.8007    4.8556   11.4049    4.4530
   -1.6152    4.8599   11.6879    4.4324
   -1.1245    4.5209   10.5804    4.9536
   -0.8006    4.8556   11.4434    4.4527
   -0.8006    4.8553    9.7152    4.4500
   -0.8006    4.8583   11.4435    4.4538
   -1.1731    5.1766   11.7311    4.7503
   -1.0056    4.5245   10.7510    4.8048
   -0.3939    5.1549   11.2272    5.2434
   -0.8005    4.8556   11.4433    4.4529
   -0.8006    4.8556   11.5675    4.4327
   -0.8006    4.8556   11.4434    4.4535
   -0.8006    4.8556   11.4433    4.4838
   20.7734    4.8522   10.9381    5.3046
   -0.8060    4.4911    9.5114    4.1941
    2.4813    4.8468   10.8231    5.6856
   -1.1865    6.5213   10.8635    4.2571
   -0.8006    4.8556   11.4434    4.4531
   -1.4542    4.8404    9.8648    4.5876
    2.5290    1.6621   13.0853    5.4863
   -3.4306    5.2568   11.5711    5.7074
   -0.8006    4.8557   11.4487    4.4621
   -0.8006    4.8556   11.4432    4.5559
    6.8496    5.1886   11.5175    2.8396
    4.7414    4.8546   14.1794    5.4169
   -0.8006    4.8556   11.4435    4.4281
   -0.8006    4.8556   11.4434    4.4494
   -0.8006    4.8556   11.4429    4.3692
   -0.8006    4.8556   11.4431    4.4423
   -0.8006    4.8556   11.4430    4.4756
   -0.8004    4.8556   11.4434    4.4901
   -0.8006    4.8556   11.4436    4.3729
   -0.7999    4.8556   11.4344    4.4532
   -0.7998    4.8556   11.4434    4.4528
   10.8118    5.2833   11.3027    4.0373
   -0.4410    5.1422   11.4418    5.3262
   -0.8007    4.8556   11.4434    4.4524
    4.2066    5.0085   13.4543    3.3051
    2.0192    5.1700   11.9143    5.6487
   -0.8006    4.8556   11.4434    4.4529
   -1.2485    5.8540   10.8776    8.0208
   -0.8006    4.8547   11.4431    4.4529
   -1.1324    5.4236   11.7132    5.1467
   -0.8006    4.8556   11.4866    4.4858
   -0.7912    4.2625    9.8035    3.8996
    1.3936    4.9050    9.8209    6.4509
   -0.8006    4.8556   11.4436    4.4514
   -1.3193    4.4887   13.1709    4.5318
   -0.8006    4.8556   11.4470    4.4907
   -0.8006    4.8556   11.4436    4.4540
   -0.8006    4.8556   11.4434    4.4560
    0.4616    5.2964   12.9582    5.1575
    1.2255    5.1441   11.7791    8.2948
   -0.8006    4.8556   11.4434    4.4538
   -0.8006    4.8556   11.4690    4.4529
   -0.8006    4.8556   11.4434    4.3658
   -0.8006    4.8556   11.4425    4.4507
   -0.8008    4.8556   11.4434    3.9692
   -1.0171    5.1780    9.6026    6.3038
   -0.8006    4.8556   11.4429    4.4527
   -0.8006    4.8556   11.4436    4.4529
   -0.8006    4.8556   11.4433    4.4537
   -0.8006    4.8556   11.4436    4.4533
   -0.8006    4.8556   11.4434    4.4529
   -0.7292    3.1125   12.7181    4.9219
   -0.8006    4.8556   11.4430    4.4542
   -0.8006    4.8556   11.4432    4.4529
   -4.0548    5.1182   12.0019    5.6865
   -0.3866    5.5385   10.1977    3.9932
   -0.9835   10.1327   11.2616    4.3178
   -0.8006    4.8556   11.4335    4.4525
   -0.7936    4.8556   11.4434    4.4529
   -1.4933    4.8361   12.6462    5.9470
   -0.8006    4.8556   11.4426    4.4498
   -0.8006    4.8556   11.4445    4.4527
   -1.1182    5.1652   12.6086    6.3013
   -0.8007    4.8556   11.4433    4.4327
    4.1311    4.8492    9.0044    5.4627
   -1.0769    5.1498    8.3752    6.9480
   -0.8006    4.8556   11.4433    4.4546
   -0.8006    4.8556   11.4433    4.4545
    0.9018    4.7977   10.7932    4.4701
   -0.9116    5.2613   11.4783    4.5550
   -0.8006    4.8552   11.4282    4.4529
   -0.8006    4.8556   11.1489    4.4437
   -0.8035    4.8556   11.4434    4.4181
    2.9632    4.8561   13.3425    3.5665
   -5.8991    6.7592   11.6415    5.4772
    5.2246    4.8823   11.0860    5.1166
   -0.5696    5.2456   11.4800    5.5754
   -1.0891    5.2485   12.2487    4.7730
   -4.4237    5.2956   11.9873    6.6613
   -1.1881    5.1687   10.5813    5.4893
   -0.6391    5.2774   10.8259    5.2123
   -0.8006    4.8556   11.4434    4.4066
   10.2692    5.1666   11.4478    5.2746
   -0.8006    4.8556   11.4433    4.4530
   -0.8006    4.8555   11.4434    4.4529
   -0.8006    4.8556   11.4433    4.4486
   -1.0678    5.0701   12.4421    6.1851
   -0.8006    4.8556   11.4422    4.4518
   -0.8006    4.8595   23.4388    4.1835
   -0.8003    4.8556   11.4434    4.4529
    6.3357    4.8939   11.4604    4.3629
   -1.5404    2.9585   10.8766    5.2840
   -0.8416    5.1382   11.6914    4.0046
   -0.8006    4.8556   11.4433    4.4531
   -0.8003    4.8556   11.4434    4.4532
   -1.6914    4.9408   11.0237    5.7951
   -1.0038    5.2078   11.7195    4.1403
   -0.8006    4.8556   11.4438    4.4529
   -0.8005    4.8556   11.4434    4.4533
   -1.5802    4.8537   12.3206    2.4761
   -0.8008    4.8556   11.4434    6.2228
   -2.5323    4.7329   11.6186    4.4899
   -1.1372    5.1715   11.3327    4.8053
   -1.9288    5.1992   12.8505    4.4864
   -0.8006    4.8556   11.4287    7.2659
   -0.8006    4.8556   11.4440    4.4644
   -0.8006    4.8556   11.4435    4.4394
    1.0529    4.8678   11.7356    4.0506
   -0.8006    4.8556   11.4211    4.4529
    4.3893    5.1902   10.8274    4.4290
   -4.2484    4.8414   11.7198    3.9119
   -1.1141    3.3797   12.1844    4.2593
   -0.1401    4.9028   10.4188    4.2479
   -0.8006    4.8556   11.4428    4.4572
    3.3380    4.8694   11.9246    5.4812
   -1.1520    5.1676   11.4125    5.9246
   -0.8006    4.8556   11.4434    4.4532
   -0.9337    4.5114   12.5263    7.3561
   -0.8006    4.8556   11.4339    4.4529
   -0.4427    5.2528   11.6684    4.3889
   -0.8006    4.8556   11.4432    4.4529
   -0.8006    4.8564   11.4433    4.4529
   -0.8006    4.8556   11.4433    4.4541
   -0.7666    4.8556   11.4441    4.5514
   -0.8006    4.8556   11.4673    4.5459
   -0.8006    4.8556   11.4474    4.1477
   -0.9145    4.4616   21.8275    5.0755
    9.2028    5.4192   11.6527    4.0710
   -0.8006    4.8556   11.4434    4.4531
    1.4714    5.1088   12.7924    4.6519
   -0.8006    4.8556   11.4232    4.4518
   -0.8006    4.8267   11.4434    4.4529
   -0.8006    4.8556   11.4562    4.4553
   -0.8006    4.8557   11.4476    4.4543
   -0.3063    4.5125   10.9185    5.3816
   10.3842    4.9527    8.1400    6.3103
   -1.0718    5.1571   11.4586    6.1587
   -0.8006    4.8556    6.0333    4.4521
   -0.8006    4.8556   11.4435    4.4529
   -1.1600    2.9561   14.7112    4.3862
   -1.0519    5.3715   11.5146    4.2790
   -0.8006    4.8556   11.4566    4.9416
   -1.7763    4.8148    9.1992    4.0203
   -0.8005    4.8556   11.4436    4.4529
   -0.8006    4.8556   11.4433    4.4515
    3.6414    4.9446    8.5727    7.0072
   -1.6489    4.8544   11.7181    4.3463
   -0.8021    4.8556   12.4707    2.5338
   -0.8002    4.8556   11.4603    4.4531
   -0.8006    4.8556   11.4411    4.4281
   -4.3331    5.1223   12.8526    6.2800
   -0.5911    5.2269   12.3066    5.4797
   -1.0348    4.8928    9.8390    5.7594
   -0.8006    4.8556   11.4433    4.4509
   -0.8005    4.8544   11.4053    4.4535
   -0.8006    4.8556   11.4443    4.4527
   -1.0919    3.4047    9.3149    4.3348
   -0.8006    4.8556   11.4442    4.4529
   -0.8006    4.8556   11.4433    4.4532
   -0.8319    4.0160   11.6910    3.9041
   -0.8006    4.8556   11.4434    4.3283
    3.7409    4.8954   10.8561    5.9298
   -0.8006    4.8556   11.4434    4.4529
    3.5850    4.8551   13.1294    5.2081
   -0.8077    3.8978    7.0348    4.0907
   -0.8006    4.8556   11.4434    4.4538
    1.5883    4.8459    8.5978    4.0523
    0.0415    4.9320    9.4724    6.4564
   -0.7994    5.0591   12.0669   10.5510
    3.1326    4.2892   10.4352    4.5692
   -0.9792    5.2053   12.1011    5.0024
   -0.8006    4.8510   11.4279   10.7162
    3.4298    4.9268   11.5382    7.0591
   -0.8006    4.8556   11.4434    4.4925
   -5.4819    5.1539   11.4330    4.6474
   -1.4343    4.8153   11.9814    3.8400
   -0.8006    4.8556   11.4429    4.9830
   -0.8006    4.8556   11.4435    4.4528
   -0.3997    5.2053   11.4520    6.2139